# Sigma_exp
# Source: Mainz
# Q_avg^2 [GeV^2/c^2] | sigma_exp | delta sigma_exp | theta | E_in [MeV]
Code,Abbrev,x,y,dy,theta,energy
# Type=1100
30,Mainz,0.011280,0.953774,0.002989,35.500000,180.000000
30,Mainz,0.011272,0.957270,0.002892,35.500000,180.000000
30,Mainz,0.011286,0.955780,0.002989,35.500000,180.000000
30,Mainz,0.011268,0.956704,0.002892,35.500000,180.000000
30,Mainz,0.011286,0.961854,0.003663,35.500000,180.000000
30,Mainz,0.011285,0.954819,0.003567,35.500000,180.000000
30,Mainz,0.011281,0.952421,0.003567,35.500000,180.000000
30,Mainz,0.011281,0.956663,0.003664,35.500000,180.000000
30,Mainz,0.011269,0.953423,0.003664,35.500000,180.000000
30,Mainz,0.011272,0.958812,0.004049,35.500000,180.000000
30,Mainz,0.011283,0.953669,0.004049,35.500000,180.000000
30,Mainz,0.012838,0.959329,0.003456,38.000000,180.000000
30,Mainz,0.012836,0.950118,0.003360,38.000000,180.000000
30,Mainz,0.012840,0.951162,0.003264,38.000000,180.000000
30,Mainz,0.012840,0.949530,0.003264,38.000000,180.000000
30,Mainz,0.012838,0.958657,0.003360,38.000000,180.000000
30,Mainz,0.012838,0.958464,0.003456,38.000000,180.000000
30,Mainz,0.014480,0.948030,0.002964,40.500000,180.000000
30,Mainz,0.014480,0.948126,0.002964,40.500000,180.000000
30,Mainz,0.014481,0.949940,0.002964,40.500000,180.000000
30,Mainz,0.014480,0.949082,0.002964,40.500000,180.000000
30,Mainz,0.016192,0.944741,0.002952,43.000000,180.000000
30,Mainz,0.016192,0.942170,0.002952,43.000000,180.000000
30,Mainz,0.016197,0.938251,0.005905,43.000000,180.000000
30,Mainz,0.016193,0.945215,0.002857,43.000000,180.000000
30,Mainz,0.016193,0.945786,0.003333,43.000000,180.000000
30,Mainz,0.017978,0.936697,0.005313,45.510000,180.000000
30,Mainz,0.017979,0.931951,0.003131,45.510000,180.000000
30,Mainz,0.017975,0.941449,0.002751,45.510000,180.000000
30,Mainz,0.019801,0.935425,0.004916,48.000000,180.000000
30,Mainz,0.019803,0.931827,0.002931,48.000000,180.000000
30,Mainz,0.019803,0.929275,0.005105,48.000000,180.000000
30,Mainz,0.019803,0.932962,0.003404,48.000000,180.000000
30,Mainz,0.019803,0.932962,0.003120,48.000000,180.000000
30,Mainz,0.021699,0.929807,0.003676,50.510000,180.000000
30,Mainz,0.021694,0.927275,0.002168,50.510000,180.000000
30,Mainz,0.021701,0.939038,0.005089,50.510000,180.000000
30,Mainz,0.021700,0.925093,0.002827,50.510000,180.000000
30,Mainz,0.021694,0.928878,0.003016,50.510000,180.000000
30,Mainz,0.023627,0.922380,0.003008,53.010000,180.000000
30,Mainz,0.023633,0.922083,0.003571,53.010000,180.000000
30,Mainz,0.023634,0.926874,0.002632,53.010000,180.000000
30,Mainz,0.023635,0.927154,0.002632,53.010000,180.000000
30,Mainz,0.025600,0.917009,0.004501,55.500000,180.000000
30,Mainz,0.025593,0.916932,0.002719,55.500000,180.000000
30,Mainz,0.025599,0.917199,0.003188,55.500000,180.000000
30,Mainz,0.025601,0.923571,0.004689,55.500000,180.000000
30,Mainz,0.025599,0.920012,0.002063,55.500000,180.000000
30,Mainz,0.027608,0.919116,0.004400,58.000000,180.000000
30,Mainz,0.027603,0.918753,0.002247,58.000000,180.000000
30,Mainz,0.027603,0.917816,0.002340,58.000000,180.000000
30,Mainz,0.027609,0.915182,0.002247,58.000000,180.000000
30,Mainz,0.029635,0.914353,0.001964,60.500000,180.000000
30,Mainz,0.031691,0.916704,0.001870,63.000000,180.000000
30,Mainz,0.033759,0.916897,0.001964,65.490000,180.000000
30,Mainz,0.033758,0.912783,0.001964,65.490000,180.000000
30,Mainz,0.035870,0.922420,0.001967,68.010000,180.000000
30,Mainz,0.035869,0.922141,0.001967,68.010000,180.000000
30,Mainz,0.037961,0.921074,0.001972,70.500000,180.000000
30,Mainz,0.037962,0.918631,0.001972,70.500000,180.000000
30,Mainz,0.040052,0.922029,0.001790,72.990000,180.000000
30,Mainz,0.042157,0.929873,0.001988,75.500000,180.000000
30,Mainz,0.042158,0.928263,0.001988,75.500000,180.000000
30,Mainz,0.044252,0.936375,0.002095,78.000000,180.000000
30,Mainz,0.044255,0.930848,0.002000,78.000000,180.000000
30,Mainz,0.046339,0.937119,0.003838,80.500000,180.000000
30,Mainz,0.046338,0.940862,0.002398,80.500000,180.000000
30,Mainz,0.046336,0.940288,0.002111,80.500000,180.000000
30,Mainz,0.048418,0.946028,0.004356,83.010000,180.000000
30,Mainz,0.048418,0.950577,0.002226,83.010000,180.000000
30,Mainz,0.050470,0.958077,0.004499,85.510000,180.000000
30,Mainz,0.050468,0.959350,0.002641,85.510000,180.000000
30,Mainz,0.050467,0.951918,0.002249,85.510000,180.000000
30,Mainz,0.050466,0.952212,0.004988,85.510000,180.000000
30,Mainz,0.050467,0.953385,0.003423,85.510000,180.000000
30,Mainz,0.050468,0.957687,0.002641,85.510000,180.000000
30,Mainz,0.052491,0.972277,0.005048,88.000000,180.000000
30,Mainz,0.052492,0.972178,0.002277,88.000000,180.000000
30,Mainz,0.054499,0.978489,0.003011,90.500000,180.000000
30,Mainz,0.054494,0.984112,0.005220,90.500000,180.000000
30,Mainz,0.054495,0.980097,0.002108,90.500000,180.000000
30,Mainz,0.056484,0.993816,0.005100,93.010000,180.000000
30,Mainz,0.056484,1.002791,0.003162,93.010000,180.000000
30,Mainz,0.056484,0.998610,0.003060,93.010000,180.000000
30,Mainz,0.058421,1.017792,0.005503,95.500000,180.000000
30,Mainz,0.058421,1.017481,0.003219,95.500000,180.000000
30,Mainz,0.058422,1.020180,0.002804,95.500000,180.000000
30,Mainz,0.060326,1.038155,0.005403,97.990000,180.000000
30,Mainz,0.060327,1.043346,0.003178,97.990000,180.000000
30,Mainz,0.060327,1.036778,0.003178,97.990000,180.000000
30,Mainz,0.060327,1.037837,0.003284,97.990000,180.000000
30,Mainz,0.060326,1.040274,0.003178,97.990000,180.000000
30,Mainz,0.062204,1.071707,0.004985,100.500000,180.000000
30,Mainz,0.062204,1.059244,0.003143,100.500000,180.000000
30,Mainz,0.062204,1.062820,0.002709,100.500000,180.000000
30,Mainz,0.064042,1.091083,0.005334,103.000000,180.000000
30,Mainz,0.064043,1.086082,0.003890,103.000000,180.000000
30,Mainz,0.064044,1.089861,0.002778,103.000000,180.000000
30,Mainz,0.065843,1.118930,0.005828,105.510000,180.000000
30,Mainz,0.065844,1.122130,0.003428,105.510000,180.000000
30,Mainz,0.065838,1.123726,0.002971,105.510000,180.000000
30,Mainz,0.054498,0.989732,0.002811,90.500000,180.000000
# Type=1101
30,Mainz,0.003843,0.981579,0.004439,20.010000,180.000000
30,Mainz,0.003839,0.984848,0.004439,20.010000,180.000000
30,Mainz,0.004031,0.980063,0.004535,20.500000,180.000000
30,Mainz,0.004028,0.978496,0.004436,20.500000,180.000000
30,Mainz,0.004031,0.985879,0.004633,20.500000,180.000000
30,Mainz,0.004031,0.978486,0.004535,20.500000,180.000000
30,Mainz,0.004227,0.980594,0.004630,21.000000,180.000000
30,Mainz,0.004426,0.983775,0.004627,21.500000,180.000000
30,Mainz,0.004426,0.979739,0.004627,21.500000,180.000000
30,Mainz,0.004626,0.976426,0.005116,22.000000,180.000000
30,Mainz,0.004626,0.973671,0.005116,22.000000,180.000000
30,Mainz,0.004626,0.981345,0.004329,22.000000,180.000000
30,Mainz,0.004625,0.978593,0.004230,22.000000,180.000000
30,Mainz,0.004833,0.977225,0.004227,22.500000,180.000000
30,Mainz,0.004838,0.972391,0.004227,22.500000,180.000000
30,Mainz,0.005051,0.983491,0.004323,23.000000,180.000000
30,Mainz,0.005047,0.983603,0.004323,23.000000,180.000000
30,Mainz,0.005046,0.978203,0.003733,23.000000,180.000000
30,Mainz,0.005046,0.978203,0.003733,23.000000,180.000000
30,Mainz,0.005271,0.981892,0.003829,23.510000,180.000000
30,Mainz,0.005271,0.980223,0.003829,23.510000,180.000000
30,Mainz,0.005272,0.980711,0.003829,23.510000,180.000000
30,Mainz,0.005266,0.977884,0.003829,23.510000,180.000000
30,Mainz,0.005487,0.977370,0.003728,24.010000,180.000000
30,Mainz,0.005487,0.975016,0.004316,24.010000,180.000000
30,Mainz,0.005708,0.971272,0.007058,24.500000,180.000000
30,Mainz,0.005707,0.973824,0.004117,24.500000,180.000000
30,Mainz,0.005707,0.980588,0.003627,24.500000,180.000000
30,Mainz,0.005713,0.975960,0.006470,24.500000,180.000000
30,Mainz,0.005707,0.976373,0.003921,24.500000,180.000000
30,Mainz,0.005708,0.972938,0.006666,24.500000,180.000000
30,Mainz,0.005940,0.975633,0.004506,25.010000,180.000000
30,Mainz,0.005941,0.976119,0.004114,25.010000,180.000000
30,Mainz,0.005941,0.980723,0.004800,25.010000,180.000000
30,Mainz,0.005941,0.978960,0.002939,25.010000,180.000000
30,Mainz,0.006168,0.980885,0.006656,25.500000,180.000000
30,Mainz,0.006174,0.971174,0.003719,25.500000,180.000000
30,Mainz,0.006174,0.972838,0.004013,25.500000,180.000000
30,Mainz,0.006174,0.970881,0.003915,25.500000,180.000000
30,Mainz,0.006168,0.969237,0.004698,25.500000,180.000000
30,Mainz,0.006415,0.968858,0.003521,26.010000,180.000000
30,Mainz,0.006415,0.969542,0.003521,26.010000,180.000000
30,Mainz,0.006415,0.972085,0.005966,26.010000,180.000000
30,Mainz,0.006413,0.974831,0.003521,26.010000,180.000000
30,Mainz,0.006415,0.970325,0.004206,26.010000,180.000000
30,Mainz,0.006646,0.971566,0.006157,26.510000,180.000000
30,Mainz,0.006646,0.973717,0.002834,26.510000,180.000000
30,Mainz,0.006646,0.975769,0.005669,26.510000,180.000000
30,Mainz,0.006646,0.975573,0.002932,26.510000,180.000000
30,Mainz,0.006646,0.974205,0.003030,26.510000,180.000000
30,Mainz,0.006646,0.970100,0.002932,26.510000,180.000000
30,Mainz,0.006895,0.961715,0.005566,27.000000,180.000000
30,Mainz,0.006895,0.968941,0.002637,27.000000,180.000000
30,Mainz,0.007144,0.969352,0.002537,27.500000,180.000000
30,Mainz,0.007390,0.967827,0.002633,28.000000,180.000000
30,Mainz,0.007390,0.972118,0.002633,28.000000,180.000000
30,Mainz,0.007652,0.968499,0.002630,28.500000,180.000000
30,Mainz,0.007652,0.963920,0.002630,28.500000,180.000000
30,Mainz,0.007906,0.965600,0.002531,29.000000,180.000000
30,Mainz,0.007911,0.966850,0.002531,29.000000,180.000000
30,Mainz,0.008175,0.966165,0.002334,29.500000,180.000000
30,Mainz,0.008431,0.962791,0.002527,29.990000,180.000000
30,Mainz,0.008431,0.963472,0.002527,29.990000,180.000000
30,Mainz,0.008713,0.964787,0.002525,30.500000,180.000000
30,Mainz,0.008712,0.961586,0.002525,30.500000,180.000000
30,Mainz,0.008981,0.961396,0.004366,31.000000,180.000000
30,Mainz,0.008981,0.967024,0.002911,31.000000,180.000000
30,Mainz,0.008980,0.961303,0.002523,31.000000,180.000000
30,Mainz,0.009259,0.955076,0.004848,31.490000,180.000000
30,Mainz,0.009259,0.959439,0.002618,31.490000,180.000000
30,Mainz,0.009540,0.968529,0.004940,32.000000,180.000000
30,Mainz,0.009539,0.960105,0.003003,32.000000,180.000000
30,Mainz,0.009539,0.956714,0.002712,32.000000,180.000000
30,Mainz,0.009545,0.961635,0.005425,32.000000,180.000000
30,Mainz,0.009545,0.958729,0.003778,32.000000,180.000000
30,Mainz,0.009545,0.960085,0.002906,32.000000,180.000000
30,Mainz,0.009836,0.964014,0.005323,32.510000,180.000000
30,Mainz,0.009836,0.963143,0.002420,32.510000,180.000000
30,Mainz,0.010113,0.957151,0.003095,32.990000,180.000000
30,Mainz,0.010113,0.955603,0.005319,32.990000,180.000000
30,Mainz,0.010113,0.959955,0.002224,32.990000,180.000000
30,Mainz,0.010410,0.956338,0.005121,33.500000,180.000000
30,Mainz,0.010410,0.960010,0.003092,33.500000,180.000000
30,Mainz,0.010410,0.958850,0.003189,33.500000,180.000000
30,Mainz,0.010705,0.966932,0.005310,34.000000,180.000000
30,Mainz,0.010705,0.958435,0.003090,34.000000,180.000000
30,Mainz,0.010705,0.957277,0.002703,34.000000,180.000000
30,Mainz,0.011003,0.955127,0.005016,34.500000,180.000000
30,Mainz,0.011003,0.957056,0.002894,34.500000,180.000000
30,Mainz,0.011003,0.956477,0.002990,34.500000,180.000000
30,Mainz,0.011003,0.956477,0.002990,34.500000,180.000000
30,Mainz,0.011003,0.955802,0.002990,34.500000,180.000000
30,Mainz,0.011305,0.954326,0.004434,35.000000,180.000000
30,Mainz,0.011305,0.958375,0.002795,35.000000,180.000000
30,Mainz,0.011305,0.958085,0.002410,35.000000,180.000000
30,Mainz,0.011609,0.960272,0.004623,35.500000,180.000000
30,Mainz,0.011609,0.953819,0.003563,35.500000,180.000000
30,Mainz,0.011609,0.954397,0.002408,35.500000,180.000000
30,Mainz,0.011917,0.952348,0.004715,36.000000,180.000000
30,Mainz,0.011917,0.953406,0.002791,36.000000,180.000000
30,Mainz,0.011917,0.955619,0.002406,36.000000,180.000000
30,Mainz,0.012228,0.949726,0.002404,36.500000,180.000000
30,Mainz,0.012228,0.950110,0.002404,36.500000,180.000000
30,Mainz,0.012542,0.953834,0.002402,37.000000,180.000000
30,Mainz,0.012542,0.953065,0.002594,37.000000,180.000000
30,Mainz,0.012859,0.953713,0.002976,37.500000,180.000000
# Type=1102
30,Mainz,0.010113,0.964404,0.003191,32.990000,180.000000
30,Mainz,0.010113,0.957247,0.005609,32.990000,180.000000
30,Mainz,0.010113,0.965468,0.002321,32.990000,180.000000
30,Mainz,0.012859,0.949970,0.002976,37.500000,180.000000
30,Mainz,0.012859,0.959472,0.003168,37.500000,180.000000
30,Mainz,0.013185,0.950127,0.003453,38.010000,180.000000
30,Mainz,0.013185,0.952908,0.003453,38.010000,180.000000
30,Mainz,0.013502,0.948494,0.003162,38.500000,180.000000
30,Mainz,0.013503,0.949162,0.003162,38.500000,180.000000
30,Mainz,0.013828,0.949629,0.002872,39.000000,180.000000
30,Mainz,0.013828,0.946182,0.002872,39.000000,180.000000
30,Mainz,0.014151,0.947334,0.002774,39.490000,180.000000
30,Mainz,0.014151,0.952118,0.002774,39.490000,180.000000
30,Mainz,0.014823,0.944065,0.005444,40.500000,180.000000
30,Mainz,0.014823,0.949795,0.003247,40.500000,180.000000
30,Mainz,0.014823,0.949031,0.002770,40.500000,180.000000
30,Mainz,0.015500,0.945224,0.002289,41.500000,180.000000
30,Mainz,0.015500,0.943698,0.002289,41.500000,180.000000
30,Mainz,0.016187,0.943452,0.002380,42.500000,180.000000
30,Mainz,0.016188,0.939070,0.002380,42.500000,180.000000
30,Mainz,0.016535,0.934632,0.004567,43.000000,180.000000
30,Mainz,0.016535,0.934442,0.002664,43.000000,180.000000
30,Mainz,0.016535,0.937962,0.002283,43.000000,180.000000
30,Mainz,0.016885,0.941520,0.004563,43.500000,180.000000
30,Mainz,0.016885,0.939144,0.002662,43.500000,180.000000
30,Mainz,0.016886,0.937525,0.002282,43.500000,180.000000
30,Mainz,0.017238,0.933110,0.004560,44.000000,180.000000
30,Mainz,0.017238,0.940140,0.002660,44.000000,180.000000
30,Mainz,0.017238,0.940045,0.002280,44.000000,180.000000
30,Mainz,0.017600,0.934296,0.004651,44.510000,180.000000
30,Mainz,0.017600,0.933252,0.002658,44.510000,180.000000
30,Mainz,0.017600,0.939991,0.002373,44.510000,180.000000
30,Mainz,0.017950,0.936559,0.004648,45.000000,180.000000
30,Mainz,0.017950,0.937887,0.002751,45.000000,180.000000
30,Mainz,0.017950,0.934093,0.002371,45.000000,180.000000
30,Mainz,0.018310,0.938814,0.004455,45.500000,180.000000
30,Mainz,0.018310,0.929715,0.002654,45.500000,180.000000
30,Mainz,0.018310,0.935496,0.002275,45.500000,180.000000
30,Mainz,0.018679,0.935475,0.004451,46.010000,180.000000
30,Mainz,0.018679,0.929602,0.002652,46.010000,180.000000
30,Mainz,0.019036,0.930189,0.004543,46.500000,180.000000
# Type=1103
30,Mainz,0.019036,0.940789,0.002650,46.500000,180.000000
30,Mainz,0.019036,0.937855,0.002272,46.500000,180.000000
30,Mainz,0.019402,0.932665,0.004540,47.000000,180.000000
30,Mainz,0.019403,0.941080,0.002743,47.000000,180.000000
30,Mainz,0.019403,0.933797,0.002081,47.000000,180.000000
30,Mainz,0.019764,0.931094,0.004442,47.490000,180.000000
30,Mainz,0.019764,0.934780,0.002646,47.490000,180.000000
30,Mainz,0.019764,0.930432,0.002174,47.490000,180.000000
30,Mainz,0.020142,0.928758,0.002361,48.000000,180.000000
30,Mainz,0.020142,0.928569,0.003211,48.000000,180.000000
30,Mainz,0.020514,0.927491,0.002171,48.500000,180.000000
30,Mainz,0.020514,0.929851,0.002171,48.500000,180.000000
30,Mainz,0.020889,0.923500,0.002170,49.000000,180.000000
30,Mainz,0.020889,0.928877,0.004528,49.000000,180.000000
30,Mainz,0.020889,0.931424,0.002453,49.000000,180.000000
30,Mainz,0.021266,0.923110,0.002168,49.500000,180.000000
30,Mainz,0.021266,0.929332,0.003111,49.500000,180.000000
30,Mainz,0.029547,0.910719,0.002617,60.000000,180.000000
30,Mainz,0.029547,0.911654,0.002617,60.000000,180.000000
# Type=1104
30,Mainz,0.054477,0.985928,0.003814,90.500000,180.000000
30,Mainz,0.054477,0.980206,0.006625,90.500000,180.000000
30,Mainz,0.054479,0.984220,0.002710,90.500000,180.000000
30,Mainz,0.054479,0.974684,0.003513,90.500000,180.000000
30,Mainz,0.042134,0.931294,0.002840,75.490000,180.000000
30,Mainz,0.042133,0.932811,0.002840,75.490000,180.000000
30,Mainz,0.044216,0.933969,0.002857,77.980000,180.000000
30,Mainz,0.044217,0.929016,0.002857,77.980000,180.000000
30,Mainz,0.046310,0.943732,0.003454,80.490000,180.000000
30,Mainz,0.046311,0.941812,0.002782,80.490000,180.000000
30,Mainz,0.048370,0.948071,0.002807,82.980000,180.000000
30,Mainz,0.048369,0.948072,0.002807,82.980000,180.000000
30,Mainz,0.052480,0.970856,0.006039,88.010000,180.000000
30,Mainz,0.052482,0.968577,0.003465,88.010000,180.000000
30,Mainz,0.052481,0.967390,0.003069,88.010000,180.000000
30,Mainz,0.056455,0.995897,0.002652,93.000000,180.000000
30,Mainz,0.056455,0.999976,0.002652,93.000000,180.000000
30,Mainz,0.060323,1.036424,0.002861,98.010000,180.000000
30,Mainz,0.060322,1.038861,0.002861,98.010000,180.000000
30,Mainz,0.062190,1.063467,0.005744,100.500000,180.000000
30,Mainz,0.062188,1.065850,0.002926,100.500000,180.000000
30,Mainz,0.064024,1.091740,0.006001,103.000000,180.000000
30,Mainz,0.064026,1.090296,0.003445,103.000000,180.000000
30,Mainz,0.064025,1.081628,0.003001,103.000000,180.000000
30,Mainz,0.065847,1.117023,0.006288,105.540000,180.000000
30,Mainz,0.065846,1.126968,0.003658,105.540000,180.000000
30,Mainz,0.065846,1.122167,0.003658,105.540000,180.000000
30,Mainz,0.067596,1.160907,0.006602,108.040000,180.000000
30,Mainz,0.067595,1.153950,0.003773,108.040000,180.000000
30,Mainz,0.067596,1.155602,0.003301,108.040000,180.000000
30,Mainz,0.069275,1.197489,0.004023,110.510000,180.000000
30,Mainz,0.069275,1.197489,0.003535,110.510000,180.000000
30,Mainz,0.070965,1.237496,0.007344,113.060000,180.000000
30,Mainz,0.070963,1.240532,0.004305,113.060000,180.000000
30,Mainz,0.070962,1.243949,0.003672,113.060000,180.000000
30,Mainz,0.072567,1.298688,0.007650,115.560000,180.000000
30,Mainz,0.072568,1.294865,0.004617,115.560000,180.000000
30,Mainz,0.074049,1.347964,0.008257,117.940000,180.000000
# Type=1105
30,Mainz,0.074049,1.359386,0.004954,117.940000,180.000000
30,Mainz,0.074049,1.361450,0.004266,117.940000,180.000000
30,Mainz,0.075577,1.424173,0.008966,120.490000,180.000000
30,Mainz,0.077078,1.510547,0.009322,123.080000,180.000000
30,Mainz,0.077077,1.509779,0.005654,123.080000,180.000000
30,Mainz,0.077078,1.511464,0.004432,123.080000,180.000000
30,Mainz,0.078472,1.607959,0.005346,125.590000,180.000000
30,Mainz,0.078472,1.612171,0.007290,125.590000,180.000000
30,Mainz,0.079770,1.703963,0.005168,128.020000,180.000000
30,Mainz,0.079768,1.709294,0.005168,128.020000,180.000000
30,Mainz,0.081062,1.831700,0.005726,130.550000,180.000000
30,Mainz,0.081064,1.838176,0.012007,130.550000,180.000000
30,Mainz,0.081062,1.830961,0.006465,130.550000,180.000000
30,Mainz,0.082233,1.959025,0.006353,132.950000,180.000000
30,Mainz,0.082231,1.958616,0.008933,132.950000,180.000000
30,Mainz,0.083428,2.141807,0.006913,135.530000,180.000000
30,Mainz,0.083428,2.128846,0.006913,135.530000,180.000000
# Type=1106
30,Mainz,0.047935,0.847452,0.002337,43.000000,315.000000
30,Mainz,0.047930,0.845127,0.002597,43.000000,315.000000
30,Mainz,0.047932,0.842178,0.002337,43.000000,315.000000
30,Mainz,0.047940,0.843716,0.002337,43.000000,315.000000
30,Mainz,0.047939,0.844671,0.002511,43.000000,315.000000
30,Mainz,0.047929,0.843398,0.002337,43.000000,315.000000
30,Mainz,0.047922,0.839606,0.002338,43.000000,315.000000
30,Mainz,0.047933,0.846504,0.002078,43.000000,315.000000
30,Mainz,0.047938,0.845366,0.002078,43.000000,315.000000
30,Mainz,0.047925,0.846698,0.002078,43.000000,315.000000
30,Mainz,0.047925,0.844793,0.002078,43.000000,315.000000
30,Mainz,0.047927,0.842451,0.002078,43.000000,315.000000
30,Mainz,0.047929,0.846947,0.002078,43.000000,315.000000
30,Mainz,0.047915,0.844732,0.002078,43.000000,315.000000
30,Mainz,0.058153,0.828861,0.002035,48.000000,315.000000
30,Mainz,0.058160,0.826895,0.002119,48.000000,315.000000
30,Mainz,0.058150,0.825647,0.002119,48.000000,315.000000
30,Mainz,0.058152,0.828270,0.002119,48.000000,315.000000
30,Mainz,0.058158,0.823000,0.002119,48.000000,315.000000
30,Mainz,0.058154,0.828520,0.002119,48.000000,315.000000
30,Mainz,0.068797,0.810314,0.002000,53.010000,315.000000
30,Mainz,0.068790,0.810746,0.002000,53.010000,315.000000
30,Mainz,0.068804,0.808716,0.002000,53.010000,315.000000
30,Mainz,0.068808,0.809290,0.001999,53.010000,315.000000
30,Mainz,0.079705,0.795555,0.002468,58.000000,315.000000
30,Mainz,0.079719,0.799394,0.002056,58.000000,315.000000
30,Mainz,0.079729,0.798798,0.002056,58.000000,315.000000
30,Mainz,0.090777,0.790874,0.002206,63.000000,315.000000
30,Mainz,0.090771,0.794480,0.002206,63.000000,315.000000
30,Mainz,0.101850,0.796157,0.002451,68.010000,315.000000
30,Mainz,0.112804,0.797611,0.002717,73.010000,315.000000
30,Mainz,0.112786,0.801015,0.002717,73.010000,315.000000
30,Mainz,0.123531,0.817013,0.002343,78.000000,315.000000
30,Mainz,0.123529,0.815928,0.002343,78.000000,315.000000
30,Mainz,0.134023,0.833403,0.002833,83.010000,315.000000
30,Mainz,0.134023,0.836064,0.002918,83.010000,315.000000
30,Mainz,0.133976,0.834339,0.002832,82.990000,315.000000
30,Mainz,0.133994,0.832426,0.002832,82.990000,315.000000
30,Mainz,0.144119,0.867110,0.002935,88.000000,315.000000
30,Mainz,0.144115,0.867382,0.002935,88.000000,315.000000
# Type=1107
30,Mainz,0.042987,0.851257,0.003065,40.500000,315.000000
30,Mainz,0.042983,0.856522,0.003065,40.500000,315.000000
30,Mainz,0.042989,0.855105,0.003240,40.500000,315.000000
30,Mainz,0.042984,0.856169,0.002452,40.500000,315.000000
30,Mainz,0.042983,0.857135,0.002452,40.500000,315.000000
30,Mainz,0.042983,0.856347,0.002452,40.500000,315.000000
30,Mainz,0.042988,0.856247,0.002452,40.500000,315.000000
30,Mainz,0.042987,0.855023,0.002189,40.500000,315.000000
30,Mainz,0.042986,0.856952,0.002189,40.500000,315.000000
30,Mainz,0.052994,0.838897,0.002055,45.510000,315.000000
30,Mainz,0.052988,0.837285,0.002055,45.510000,315.000000
30,Mainz,0.052988,0.838055,0.002055,45.510000,315.000000
30,Mainz,0.052995,0.837353,0.002055,45.510000,315.000000
30,Mainz,0.052980,0.833365,0.002055,45.510000,315.000000
30,Mainz,0.052988,0.835058,0.002055,45.510000,315.000000
30,Mainz,0.063415,0.817250,0.001932,50.500000,315.000000
30,Mainz,0.063413,0.817507,0.001932,50.500000,315.000000
30,Mainz,0.063412,0.819189,0.001932,50.500000,315.000000
30,Mainz,0.063413,0.819859,0.001848,50.500000,315.000000
30,Mainz,0.074213,0.802100,0.001737,55.500000,315.000000
30,Mainz,0.074219,0.803494,0.001737,55.500000,315.000000
30,Mainz,0.074214,0.803091,0.002068,55.500000,315.000000
30,Mainz,0.074221,0.804813,0.002068,55.500000,315.000000
30,Mainz,0.085226,0.793004,0.002130,60.500000,315.000000
30,Mainz,0.085213,0.797207,0.002212,60.500000,315.000000
30,Mainz,0.085216,0.794744,0.002130,60.500000,315.000000
30,Mainz,0.085221,0.793096,0.002212,60.500000,315.000000
30,Mainz,0.096314,0.792452,0.002530,65.510000,315.000000
30,Mainz,0.107282,0.795519,0.002786,70.500000,315.000000
30,Mainz,0.107279,0.795032,0.002786,70.500000,315.000000
30,Mainz,0.118153,0.804909,0.002902,75.500000,315.000000
30,Mainz,0.118154,0.805404,0.002902,75.500000,315.000000
30,Mainz,0.128804,0.824308,0.002793,80.510000,315.000000
30,Mainz,0.139118,0.847728,0.002880,85.510000,315.000000
30,Mainz,0.128788,0.820196,0.002709,80.500000,315.000000
30,Mainz,0.128784,0.824518,0.002793,80.500000,315.000000
30,Mainz,0.139068,0.850063,0.002879,85.490000,315.000000
30,Mainz,0.139073,0.848486,0.002879,85.490000,315.000000
# Type=1108
30,Mainz,0.011079,0.947701,0.004518,19.500000,315.000000
30,Mainz,0.011631,0.947362,0.002975,19.990000,315.000000
30,Mainz,0.011630,0.948133,0.002975,19.990000,315.000000
30,Mainz,0.012217,0.948548,0.003064,20.500000,315.000000
30,Mainz,0.012218,0.948066,0.003064,20.500000,315.000000
30,Mainz,0.012806,0.940837,0.003154,21.000000,315.000000
30,Mainz,0.012806,0.948769,0.003154,21.000000,315.000000
30,Mainz,0.013406,0.943333,0.003148,21.500000,315.000000
30,Mainz,0.013406,0.944191,0.002957,21.500000,315.000000
30,Mainz,0.013406,0.946480,0.003052,21.500000,315.000000
30,Mainz,0.014019,0.937597,0.003046,22.000000,315.000000
30,Mainz,0.014018,0.941408,0.003046,22.000000,315.000000
30,Mainz,0.014643,0.936606,0.003135,22.500000,315.000000
30,Mainz,0.014643,0.938221,0.003135,22.500000,315.000000
30,Mainz,0.014642,0.940694,0.002945,22.500000,315.000000
30,Mainz,0.014643,0.940596,0.002945,22.500000,315.000000
30,Mainz,0.015280,0.940041,0.003033,23.000000,315.000000
30,Mainz,0.015280,0.939472,0.003033,23.000000,315.000000
30,Mainz,0.015941,0.936110,0.003121,23.510000,315.000000
30,Mainz,0.015941,0.937151,0.003121,23.510000,315.000000
30,Mainz,0.015941,0.932894,0.002838,23.510000,315.000000
30,Mainz,0.015941,0.935921,0.002838,23.510000,315.000000
30,Mainz,0.016587,0.931589,0.002832,24.000000,315.000000
30,Mainz,0.016588,0.934323,0.002832,24.000000,315.000000
30,Mainz,0.016587,0.934137,0.002832,24.000000,315.000000
30,Mainz,0.016588,0.932246,0.002832,24.000000,315.000000
30,Mainz,0.017259,0.924943,0.002920,24.500000,315.000000
30,Mainz,0.017259,0.927297,0.002920,24.500000,315.000000
30,Mainz,0.017259,0.927392,0.002449,24.500000,315.000000
30,Mainz,0.017259,0.926544,0.002449,24.500000,315.000000
30,Mainz,0.017956,0.924086,0.002913,25.010000,315.000000
30,Mainz,0.017956,0.927562,0.002913,25.010000,315.000000
30,Mainz,0.017957,0.925774,0.003289,25.010000,315.000000
30,Mainz,0.018635,0.926951,0.002813,25.500000,315.000000
30,Mainz,0.018636,0.925728,0.002813,25.500000,315.000000
30,Mainz,0.018636,0.925260,0.002813,25.500000,315.000000
30,Mainz,0.018636,0.922353,0.002907,25.500000,315.000000
30,Mainz,0.019341,0.927766,0.002900,26.000000,315.000000
30,Mainz,0.019341,0.922246,0.002900,26.000000,315.000000
30,Mainz,0.020071,0.920396,0.002800,26.510000,315.000000
30,Mainz,0.020071,0.921890,0.002893,26.510000,315.000000
30,Mainz,0.020783,0.920292,0.003166,27.000000,315.000000
30,Mainz,0.021520,0.917245,0.002973,27.500000,315.000000
30,Mainz,0.022268,0.914932,0.003059,28.000000,315.000000
30,Mainz,0.022268,0.918547,0.003059,28.000000,315.000000
30,Mainz,0.023026,0.909745,0.002959,28.500000,315.000000
30,Mainz,0.023026,0.913537,0.002959,28.500000,315.000000
30,Mainz,0.023795,0.915450,0.003045,29.000000,315.000000
30,Mainz,0.023795,0.912866,0.003045,29.000000,315.000000
30,Mainz,0.024573,0.909056,0.002853,29.500000,315.000000
30,Mainz,0.024584,0.911139,0.002853,29.500000,315.000000
30,Mainz,0.025378,0.907863,0.003030,30.010000,315.000000
30,Mainz,0.026159,0.898693,0.003023,30.500000,315.000000
30,Mainz,0.026159,0.898785,0.003023,30.500000,315.000000
30,Mainz,0.027001,0.891690,0.003016,31.000000,315.000000
30,Mainz,0.025378,0.893539,0.002663,30.010000,315.000000
30,Mainz,0.025377,0.897399,0.002755,30.010000,315.000000
30,Mainz,0.026161,0.898412,0.002840,30.500000,315.000000
30,Mainz,0.026171,0.901955,0.002840,30.500000,315.000000
30,Mainz,0.026968,0.898459,0.002833,31.000000,315.000000
30,Mainz,0.026979,0.897604,0.002833,31.000000,315.000000
30,Mainz,0.027813,0.892762,0.002917,31.510000,315.000000
30,Mainz,0.027814,0.896314,0.002917,31.510000,315.000000
30,Mainz,0.028612,0.891871,0.002365,32.000000,315.000000
30,Mainz,0.028645,0.896776,0.002910,32.000000,315.000000
30,Mainz,0.028622,0.893024,0.002910,32.000000,315.000000
30,Mainz,0.029477,0.890004,0.002268,32.510000,315.000000
30,Mainz,0.030321,0.889395,0.002172,33.010000,315.000000
30,Mainz,0.031180,0.884153,0.002347,33.500000,315.000000
30,Mainz,0.031180,0.884965,0.002347,33.500000,315.000000
30,Mainz,0.032018,0.883074,0.002432,34.000000,315.000000
30,Mainz,0.032018,0.885056,0.002432,34.000000,315.000000
30,Mainz,0.033784,0.874907,0.001972,35.000000,315.000000
30,Mainz,0.033784,0.877148,0.001972,35.000000,315.000000
30,Mainz,0.034676,0.876811,0.001878,35.510000,315.000000
30,Mainz,0.034676,0.872609,0.001878,35.510000,315.000000
30,Mainz,0.035550,0.874303,0.002230,36.000000,315.000000
30,Mainz,0.035550,0.873857,0.001963,36.000000,315.000000
30,Mainz,0.036479,0.866610,0.003292,36.500000,315.000000
30,Mainz,0.037391,0.868167,0.003107,37.000000,315.000000
30,Mainz,0.037391,0.866302,0.003107,37.000000,315.000000
30,Mainz,0.039253,0.864429,0.002297,38.010000,315.000000
30,Mainz,0.032913,0.876106,0.001977,34.500000,315.000000
30,Mainz,0.039253,0.865577,0.002297,38.010000,315.000000
30,Mainz,0.040169,0.867086,0.002115,38.500000,315.000000
30,Mainz,0.040168,0.863475,0.002115,38.500000,315.000000
30,Mainz,0.041082,0.858077,0.001935,39.000000,315.000000
30,Mainz,0.041109,0.858356,0.001934,39.000000,315.000000
30,Mainz,0.042074,0.859988,0.001930,39.510000,315.000000
30,Mainz,0.042076,0.858491,0.001930,39.510000,315.000000
30,Mainz,0.043011,0.858628,0.001925,40.000000,315.000000
30,Mainz,0.043010,0.855830,0.001925,40.000000,315.000000
30,Mainz,0.043972,0.849738,0.001834,40.500000,315.000000
30,Mainz,0.044957,0.849227,0.001829,41.010000,315.000000
30,Mainz,0.044957,0.850186,0.001829,41.010000,315.000000
30,Mainz,0.045912,0.847324,0.001825,41.500000,315.000000
30,Mainz,0.045912,0.848888,0.001825,41.500000,315.000000
30,Mainz,0.046891,0.850089,0.001821,42.000000,315.000000
30,Mainz,0.046892,0.847052,0.001821,42.000000,315.000000
30,Mainz,0.047878,0.842208,0.001817,42.500000,315.000000
30,Mainz,0.047877,0.843508,0.001817,42.500000,315.000000
30,Mainz,0.048869,0.841891,0.001554,43.000000,315.000000
30,Mainz,0.048869,0.845172,0.001554,43.000000,315.000000
30,Mainz,0.048869,0.843359,0.001554,43.000000,315.000000
# Type=1109
30,Mainz,0.112760,0.803609,0.002635,73.010000,315.000000
30,Mainz,0.112766,0.803764,0.002470,73.010000,315.000000
30,Mainz,0.112756,0.804604,0.002470,73.010000,315.000000
30,Mainz,0.149044,0.884186,0.003818,90.500000,315.000000
30,Mainz,0.112755,0.803700,0.002388,73.010000,315.000000
30,Mainz,0.112767,0.802775,0.002305,73.010000,315.000000
30,Mainz,0.149041,0.884099,0.003636,90.500000,315.000000
30,Mainz,0.149034,0.877290,0.003363,90.500000,315.000000
30,Mainz,0.149035,0.882652,0.003636,90.500000,315.000000
30,Mainz,0.149034,0.881926,0.003545,90.500000,315.000000
30,Mainz,0.149041,0.882735,0.003636,90.500000,315.000000
30,Mainz,0.149042,0.886915,0.003636,90.500000,315.000000
30,Mainz,0.149043,0.878824,0.002909,90.500000,315.000000
30,Mainz,0.149049,0.883452,0.002909,90.500000,315.000000
30,Mainz,0.149051,0.881450,0.002818,90.500000,315.000000
30,Mainz,0.149048,0.882636,0.002818,90.500000,315.000000
30,Mainz,0.149049,0.882816,0.003363,90.500000,315.000000
30,Mainz,0.149041,0.882190,0.002818,90.500000,315.000000
30,Mainz,0.116073,0.802226,0.001736,74.540000,315.000000
30,Mainz,0.118103,0.806004,0.001824,75.490000,315.000000
30,Mainz,0.118106,0.806829,0.001824,75.490000,315.000000
30,Mainz,0.128743,0.822728,0.002031,80.490000,315.000000
30,Mainz,0.149044,0.878914,0.002909,90.500000,315.000000
30,Mainz,0.128742,0.820528,0.002031,80.490000,315.000000
30,Mainz,0.134032,0.828748,0.002146,83.020000,315.000000
30,Mainz,0.134039,0.829254,0.002232,83.020000,315.000000
30,Mainz,0.139110,0.845120,0.002182,85.510000,315.000000
30,Mainz,0.139110,0.844422,0.002182,85.510000,315.000000
30,Mainz,0.144149,0.861831,0.002313,88.010000,315.000000
30,Mainz,0.144149,0.859251,0.002313,88.010000,315.000000
30,Mainz,0.149022,0.884577,0.002454,90.500000,315.000000
30,Mainz,0.149021,0.880306,0.002454,90.500000,315.000000
30,Mainz,0.153847,0.899088,0.002422,93.000000,315.000000
30,Mainz,0.158494,0.928031,0.002585,95.490000,315.000000
30,Mainz,0.163125,0.954601,0.002764,98.010000,315.000000
30,Mainz,0.163129,0.956176,0.002665,98.010000,315.000000
30,Mainz,0.167543,0.995336,0.002858,100.500000,315.000000
30,Mainz,0.171884,1.026099,0.003070,103.000000,315.000000
30,Mainz,0.171883,1.027264,0.003176,103.000000,315.000000
30,Mainz,0.176131,1.072475,0.002867,105.540000,315.000000
30,Mainz,0.176133,1.075450,0.002867,105.540000,315.000000
30,Mainz,0.176126,1.073473,0.002867,105.540000,315.000000
30,Mainz,0.180212,1.119903,0.003685,108.040000,315.000000
30,Mainz,0.180214,1.120477,0.003685,108.040000,315.000000
30,Mainz,0.184096,1.174992,0.003499,110.530000,315.000000
30,Mainz,0.184092,1.171135,0.003499,110.530000,315.000000
30,Mainz,0.187956,1.233378,0.003683,113.060000,315.000000
30,Mainz,0.187951,1.235542,0.003810,113.060000,315.000000
30,Mainz,0.191581,1.305574,0.004158,115.560000,315.000000
30,Mainz,0.191578,1.310137,0.004158,115.560000,315.000000
30,Mainz,0.194941,1.380457,0.004539,117.940000,315.000000
30,Mainz,0.194943,1.380455,0.004539,117.940000,315.000000
30,Mainz,0.198371,1.476549,0.004990,120.490000,315.000000
30,Mainz,0.198376,1.480325,0.004990,120.490000,315.000000
30,Mainz,0.201723,1.583728,0.005514,123.080000,315.000000
30,Mainz,0.201725,1.583888,0.005514,123.080000,315.000000
30,Mainz,0.204811,1.717107,0.006105,125.590000,315.000000
30,Mainz,0.204807,1.709959,0.006105,125.590000,315.000000
30,Mainz,0.210517,2.006401,0.007162,130.550000,315.000000
30,Mainz,0.210517,2.008038,0.007162,130.550000,315.000000
30,Mainz,0.213074,2.181239,0.007579,132.950000,315.000000
30,Mainz,0.213074,2.181016,0.007579,132.950000,315.000000
# Type=1110
30,Mainz,0.058555,0.796862,0.005782,33.010000,450.000000
30,Mainz,0.058565,0.800718,0.005451,33.010000,450.000000
30,Mainz,0.058571,0.807723,0.005451,33.010000,450.000000
30,Mainz,0.075818,0.767099,0.005992,38.000000,450.000000
30,Mainz,0.075811,0.769875,0.004731,38.000000,450.000000
30,Mainz,0.075812,0.767901,0.004731,38.000000,450.000000
30,Mainz,0.075795,0.769124,0.004731,38.000000,450.000000
30,Mainz,0.094317,0.733818,0.003394,43.000000,450.000000
30,Mainz,0.094323,0.735916,0.003470,43.000000,450.000000
30,Mainz,0.094316,0.736460,0.003470,43.000000,450.000000
30,Mainz,0.094335,0.733854,0.003469,43.000000,450.000000
30,Mainz,0.094320,0.735998,0.002640,43.000000,450.000000
30,Mainz,0.094320,0.734414,0.003620,43.000000,450.000000
30,Mainz,0.094335,0.736946,0.004601,43.000000,450.000000
30,Mainz,0.094337,0.733699,0.004752,43.000000,450.000000
30,Mainz,0.094322,0.732374,0.004299,43.000000,450.000000
30,Mainz,0.094331,0.734541,0.004375,43.000000,450.000000
30,Mainz,0.094325,0.739457,0.003997,43.000000,450.000000
30,Mainz,0.094328,0.735378,0.003922,43.000000,450.000000
30,Mainz,0.094336,0.734983,0.003922,43.000000,450.000000
30,Mainz,0.094323,0.735162,0.004450,43.000000,450.000000
30,Mainz,0.113689,0.705083,0.003261,48.000000,450.000000
30,Mainz,0.113679,0.704813,0.003261,48.000000,450.000000
30,Mainz,0.113679,0.701552,0.003261,48.000000,450.000000
30,Mainz,0.113688,0.699216,0.003261,48.000000,450.000000
30,Mainz,0.113689,0.704648,0.002536,48.000000,450.000000
30,Mainz,0.133564,0.673278,0.002942,53.010000,450.000000
30,Mainz,0.133565,0.678108,0.002942,53.010000,450.000000
30,Mainz,0.133566,0.675095,0.002311,53.010000,450.000000
30,Mainz,0.153650,0.657442,0.003070,58.000000,450.000000
30,Mainz,0.153654,0.658936,0.002592,58.000000,450.000000
30,Mainz,0.173672,0.644668,0.003151,63.000000,450.000000
30,Mainz,0.173678,0.645731,0.002614,63.000000,450.000000
30,Mainz,0.193443,0.640603,0.002062,68.010000,450.000000
30,Mainz,0.212685,0.642583,0.002402,73.010000,450.000000
30,Mainz,0.212686,0.643383,0.002402,73.010000,450.000000
30,Mainz,0.231281,0.653986,0.002504,78.000000,450.000000
30,Mainz,0.231300,0.654637,0.002504,78.000000,450.000000
30,Mainz,0.249254,0.672987,0.002292,83.010000,450.000000
30,Mainz,0.249240,0.675644,0.003264,83.010000,450.000000
30,Mainz,0.266281,0.703429,0.002668,88.000000,450.000000
30,Mainz,0.266272,0.699258,0.002668,88.000000,450.000000
# Type=1111
30,Mainz,0.274462,0.716006,0.002141,90.500000,450.000000
30,Mainz,0.274464,0.713862,0.002067,90.500000,450.000000
# Type=1112
30,Mainz,0.067030,0.784576,0.005406,35.510000,450.000000
30,Mainz,0.067012,0.783733,0.005406,35.510000,450.000000
30,Mainz,0.067027,0.780872,0.005164,35.510000,450.000000
30,Mainz,0.067023,0.787659,0.005245,35.510000,450.000000
30,Mainz,0.084873,0.750812,0.004163,40.500000,450.000000
30,Mainz,0.084858,0.756552,0.004164,40.500000,450.000000
30,Mainz,0.084881,0.756037,0.004163,40.500000,450.000000
30,Mainz,0.084869,0.756064,0.004164,40.500000,450.000000
30,Mainz,0.084869,0.752132,0.003007,40.500000,450.000000
30,Mainz,0.084878,0.756121,0.003007,40.500000,450.000000
30,Mainz,0.103943,0.714817,0.003768,45.510000,450.000000
30,Mainz,0.103941,0.718736,0.003768,45.510000,450.000000
30,Mainz,0.103924,0.718402,0.002955,45.510000,450.000000
30,Mainz,0.103943,0.715999,0.003546,45.510000,450.000000
30,Mainz,0.103942,0.719251,0.003546,45.510000,450.000000
30,Mainz,0.123557,0.691176,0.002349,50.510000,450.000000
30,Mainz,0.123560,0.685334,0.002918,50.510000,450.000000
30,Mainz,0.123568,0.689803,0.002918,50.510000,450.000000
30,Mainz,0.143516,0.668512,0.002348,55.500000,450.000000
30,Mainz,0.143546,0.666526,0.002141,55.500000,450.000000
30,Mainz,0.143538,0.665573,0.002693,55.500000,450.000000
30,Mainz,0.143522,0.667120,0.002693,55.500000,450.000000
30,Mainz,0.163616,0.649994,0.002432,60.500000,450.000000
30,Mainz,0.163599,0.650562,0.002432,60.500000,450.000000
30,Mainz,0.183467,0.642406,0.002602,65.490000,450.000000
30,Mainz,0.183466,0.641207,0.002535,65.490000,450.000000
30,Mainz,0.202996,0.641854,0.002263,70.500000,450.000000
30,Mainz,0.203027,0.639214,0.002263,70.500000,450.000000
30,Mainz,0.221986,0.647655,0.002886,75.500000,450.000000
30,Mainz,0.221992,0.647848,0.002349,75.500000,450.000000
30,Mainz,0.240280,0.660253,0.002670,80.500000,450.000000
30,Mainz,0.240264,0.663492,0.002670,80.500000,450.000000
30,Mainz,0.257797,0.685248,0.002474,85.510000,450.000000
30,Mainz,0.257815,0.686426,0.002827,85.510000,450.000000
30,Mainz,0.274397,0.718896,0.002806,90.500000,450.000000
30,Mainz,0.274406,0.719253,0.002658,90.500000,450.000000
# Type=1113
30,Mainz,0.015218,0.926985,0.006154,16.000000,450.000000
30,Mainz,0.015218,0.933991,0.006249,16.000000,450.000000
30,Mainz,0.015218,0.924997,0.006154,16.000000,450.000000
30,Mainz,0.015217,0.925000,0.006154,16.000000,450.000000
30,Mainz,0.016173,0.918343,0.005945,16.500000,450.000000
30,Mainz,0.016171,0.923917,0.006039,16.500000,450.000000
30,Mainz,0.016171,0.924860,0.007077,16.500000,450.000000
30,Mainz,0.016172,0.925706,0.005662,16.500000,450.000000
30,Mainz,0.017172,0.918272,0.005642,17.010000,450.000000
30,Mainz,0.017171,0.923260,0.005642,17.010000,450.000000
30,Mainz,0.017172,0.923444,0.005078,17.010000,450.000000
30,Mainz,0.017171,0.926081,0.005078,17.010000,450.000000
30,Mainz,0.018157,0.922935,0.005154,17.500000,450.000000
30,Mainz,0.018157,0.925840,0.005154,17.500000,450.000000
30,Mainz,0.019185,0.913237,0.003922,18.000000,450.000000
30,Mainz,0.020220,0.910660,0.003908,18.490000,450.000000
30,Mainz,0.020221,0.910564,0.004467,18.490000,450.000000
30,Mainz,0.020219,0.912803,0.004467,18.490000,450.000000
30,Mainz,0.021322,0.907433,0.004543,19.000000,450.000000
30,Mainz,0.021322,0.909751,0.004543,19.000000,450.000000
30,Mainz,0.022428,0.905515,0.003787,19.500000,450.000000
30,Mainz,0.022429,0.905327,0.004249,19.500000,450.000000
30,Mainz,0.023583,0.905121,0.005428,20.010000,450.000000
30,Mainz,0.023583,0.900613,0.005520,20.010000,450.000000
30,Mainz,0.024714,0.895275,0.005041,20.500000,450.000000
30,Mainz,0.024713,0.900961,0.005133,20.500000,450.000000
30,Mainz,0.025890,0.898795,0.004656,21.000000,450.000000
30,Mainz,0.025890,0.895417,0.004565,21.000000,450.000000
30,Mainz,0.027093,0.887207,0.004547,21.500000,450.000000
30,Mainz,0.027092,0.889392,0.005183,21.500000,450.000000
30,Mainz,0.027094,0.887840,0.004456,21.500000,450.000000
30,Mainz,0.027093,0.888207,0.004456,21.500000,450.000000
30,Mainz,0.028317,0.885708,0.003532,22.000000,450.000000
30,Mainz,0.029566,0.882710,0.004239,22.500000,450.000000
30,Mainz,0.029568,0.887123,0.004149,22.500000,450.000000
30,Mainz,0.029565,0.885599,0.003878,22.500000,450.000000
30,Mainz,0.029566,0.886047,0.003968,22.500000,450.000000
30,Mainz,0.030836,0.878963,0.003862,23.000000,450.000000
30,Mainz,0.030836,0.874652,0.003862,23.000000,450.000000
30,Mainz,0.032158,0.878951,0.003041,23.510000,450.000000
30,Mainz,0.032158,0.876715,0.002862,23.510000,450.000000
30,Mainz,0.033445,0.871118,0.003562,24.000000,450.000000
30,Mainz,0.033446,0.869690,0.003562,24.000000,450.000000
30,Mainz,0.033445,0.870940,0.003562,24.000000,450.000000
30,Mainz,0.033444,0.873882,0.003563,24.000000,450.000000
30,Mainz,0.034781,0.870138,0.002838,24.500000,450.000000
30,Mainz,0.034783,0.870486,0.002838,24.500000,450.000000
30,Mainz,0.034782,0.866942,0.002572,24.500000,450.000000
30,Mainz,0.036170,0.863993,0.003267,25.010000,450.000000
30,Mainz,0.036170,0.865052,0.003267,25.010000,450.000000
30,Mainz,0.037518,0.861539,0.003692,25.500000,450.000000
30,Mainz,0.037522,0.862758,0.003077,25.500000,450.000000
30,Mainz,0.038920,0.857304,0.002976,26.000000,450.000000
30,Mainz,0.038919,0.854506,0.002976,26.000000,450.000000
30,Mainz,0.040309,0.854544,0.003747,26.490000,450.000000
30,Mainz,0.040308,0.854983,0.003050,26.490000,450.000000
30,Mainz,0.041777,0.851434,0.002949,27.000000,450.000000
30,Mainz,0.041777,0.847357,0.002949,27.000000,450.000000
30,Mainz,0.043239,0.844923,0.002418,27.500000,450.000000
30,Mainz,0.044714,0.842059,0.002579,28.000000,450.000000
30,Mainz,0.044717,0.838612,0.002579,28.000000,450.000000
30,Mainz,0.046213,0.836602,0.002653,28.500000,450.000000
30,Mainz,0.046214,0.836941,0.002653,28.500000,450.000000
30,Mainz,0.047729,0.832526,0.003067,29.000000,450.000000
30,Mainz,0.047730,0.833205,0.002556,29.000000,450.000000
30,Mainz,0.049261,0.830240,0.002544,29.500000,450.000000
30,Mainz,0.049265,0.831501,0.002544,29.500000,450.000000
30,Mainz,0.050785,0.823532,0.002617,29.990000,450.000000
30,Mainz,0.050784,0.822859,0.002617,29.990000,450.000000
30,Mainz,0.052405,0.820610,0.002352,30.500000,450.000000
30,Mainz,0.052405,0.822626,0.003192,30.500000,450.000000
30,Mainz,0.053971,0.814608,0.002342,31.000000,450.000000
30,Mainz,0.053972,0.816947,0.002843,31.000000,450.000000
30,Mainz,0.055632,0.809771,0.002414,31.510000,450.000000
30,Mainz,0.057214,0.807258,0.002485,32.000000,450.000000
30,Mainz,0.055633,0.811766,0.002497,31.510000,450.000000
30,Mainz,0.057196,0.809128,0.002403,32.000000,450.000000
# Type=1114
30,Mainz,0.058878,0.804008,0.002721,32.500000,450.000000
30,Mainz,0.058852,0.803828,0.002639,32.500000,450.000000
30,Mainz,0.060538,0.799435,0.002626,33.010000,450.000000
30,Mainz,0.060538,0.796973,0.002626,33.010000,450.000000
30,Mainz,0.062169,0.796694,0.002696,33.500000,450.000000
30,Mainz,0.062168,0.797023,0.002696,33.500000,450.000000
30,Mainz,0.063852,0.789407,0.002439,34.000000,450.000000
30,Mainz,0.063853,0.789649,0.002439,34.000000,450.000000
30,Mainz,0.065549,0.787113,0.002347,34.500000,450.000000
30,Mainz,0.065547,0.787442,0.002347,34.500000,450.000000
30,Mainz,0.067257,0.784837,0.002175,35.000000,450.000000
30,Mainz,0.068982,0.782084,0.002325,35.500000,450.000000
30,Mainz,0.069029,0.782289,0.002325,35.500000,450.000000
30,Mainz,0.070747,0.776410,0.002315,36.000000,450.000000
30,Mainz,0.070721,0.779267,0.002315,36.000000,450.000000
30,Mainz,0.085110,0.745966,0.001924,40.000000,450.000000
30,Mainz,0.085111,0.745425,0.001924,40.000000,450.000000
# Type=1115
30,Mainz,0.057214,0.809329,0.003065,32.000000,450.000000
30,Mainz,0.057196,0.810785,0.002900,32.000000,450.000000
30,Mainz,0.057194,0.812447,0.002237,32.000000,450.000000
30,Mainz,0.072519,0.766191,0.002701,36.500000,450.000000
30,Mainz,0.072519,0.768018,0.002701,36.500000,450.000000
30,Mainz,0.074283,0.764019,0.002609,37.000000,450.000000
30,Mainz,0.074283,0.763070,0.002609,37.000000,450.000000
30,Mainz,0.076059,0.764543,0.002283,37.500000,450.000000
30,Mainz,0.076061,0.764538,0.002283,37.500000,450.000000
30,Mainz,0.077811,0.758392,0.002116,37.990000,450.000000
30,Mainz,0.077810,0.760902,0.002194,37.990000,450.000000
30,Mainz,0.079645,0.755909,0.001560,38.500000,450.000000
30,Mainz,0.081459,0.752422,0.001553,39.000000,450.000000
30,Mainz,0.083246,0.751439,0.001933,39.490000,450.000000
30,Mainz,0.083246,0.746259,0.005257,39.490000,450.000000
30,Mainz,0.083244,0.748505,0.001933,39.490000,450.000000
30,Mainz,0.085110,0.745812,0.001924,40.000000,450.000000
30,Mainz,0.085111,0.747580,0.001924,40.000000,450.000000
30,Mainz,0.086952,0.745128,0.001915,40.500000,450.000000
30,Mainz,0.086952,0.744821,0.001915,40.500000,450.000000
30,Mainz,0.088843,0.740348,0.001907,41.010000,450.000000
30,Mainz,0.088843,0.739967,0.001907,41.010000,450.000000
30,Mainz,0.090632,0.737562,0.001899,41.490000,450.000000
30,Mainz,0.090633,0.735509,0.001899,41.490000,450.000000
30,Mainz,0.092539,0.734931,0.001891,42.000000,450.000000
30,Mainz,0.092540,0.734097,0.001966,42.000000,450.000000
30,Mainz,0.094419,0.731194,0.001807,42.500000,450.000000
30,Mainz,0.094418,0.732024,0.001732,42.500000,450.000000
30,Mainz,0.096307,0.728256,0.001950,43.000000,450.000000
30,Mainz,0.096307,0.726831,0.001950,43.000000,450.000000
30,Mainz,0.098203,0.723421,0.001941,43.500000,450.000000
30,Mainz,0.098205,0.722819,0.001941,43.500000,450.000000
30,Mainz,0.100105,0.719989,0.001933,44.000000,450.000000
30,Mainz,0.100107,0.722364,0.001933,44.000000,450.000000
30,Mainz,0.102055,0.717062,0.001925,44.510000,450.000000
30,Mainz,0.102055,0.718617,0.001925,44.510000,450.000000
30,Mainz,0.103939,0.715767,0.001918,45.000000,450.000000
30,Mainz,0.103940,0.717756,0.001992,45.000000,450.000000
30,Mainz,0.105866,0.712764,0.001763,45.500000,450.000000
30,Mainz,0.105862,0.714903,0.001763,45.500000,450.000000
30,Mainz,0.107833,0.710571,0.001756,46.010000,450.000000
30,Mainz,0.107832,0.710939,0.001756,46.010000,450.000000
30,Mainz,0.109733,0.708015,0.001749,46.500000,450.000000
30,Mainz,0.109733,0.706485,0.001749,46.500000,450.000000
30,Mainz,0.111677,0.704293,0.001743,47.000000,450.000000
30,Mainz,0.111678,0.703274,0.001743,47.000000,450.000000
30,Mainz,0.113663,0.699280,0.001808,47.510000,450.000000
30,Mainz,0.113662,0.699643,0.001808,47.510000,450.000000
30,Mainz,0.115581,0.698467,0.002090,48.000000,450.000000
30,Mainz,0.115582,0.696159,0.002090,48.000000,450.000000
30,Mainz,0.117543,0.693405,0.002083,48.500000,450.000000
30,Mainz,0.117544,0.692398,0.002083,48.500000,450.000000
# Type=1116
30,Mainz,0.212676,0.646934,0.002803,73.010000,450.000000
30,Mainz,0.212694,0.646575,0.002669,73.010000,450.000000
30,Mainz,0.221949,0.646898,0.002282,75.490000,450.000000
30,Mainz,0.221938,0.648994,0.002282,75.490000,450.000000
30,Mainz,0.221949,0.648173,0.002148,75.490000,450.000000
30,Mainz,0.221941,0.645298,0.002148,75.490000,450.000000
30,Mainz,0.231289,0.652878,0.002098,77.980000,450.000000
30,Mainz,0.231277,0.651473,0.002098,77.980000,450.000000
30,Mainz,0.240258,0.659516,0.002122,80.490000,450.000000
30,Mainz,0.240260,0.663348,0.002191,80.490000,450.000000
30,Mainz,0.249310,0.669529,0.001667,83.020000,450.000000
30,Mainz,0.257838,0.685407,0.001696,85.510000,450.000000
30,Mainz,0.266320,0.700094,0.002308,88.010000,450.000000
30,Mainz,0.266331,0.697844,0.006202,88.010000,450.000000
30,Mainz,0.266324,0.696338,0.002236,88.010000,450.000000
30,Mainz,0.274445,0.719129,0.002363,90.500000,450.000000
30,Mainz,0.274434,0.721358,0.002363,90.500000,450.000000
30,Mainz,0.282468,0.738871,0.002502,93.000000,450.000000
30,Mainz,0.290101,0.763742,0.002577,95.490000,450.000000
30,Mainz,0.290115,0.764660,0.002577,95.490000,450.000000
30,Mainz,0.297722,0.789041,0.002745,98.010000,450.000000
30,Mainz,0.297708,0.790513,0.002745,98.010000,450.000000
30,Mainz,0.304881,0.822731,0.002846,100.500000,450.000000
30,Mainz,0.304878,0.826084,0.002930,100.500000,450.000000
30,Mainz,0.311934,0.855193,0.002786,103.000000,450.000000
30,Mainz,0.311928,0.860687,0.002787,103.000000,450.000000
30,Mainz,0.318730,0.903082,0.003275,105.540000,450.000000
30,Mainz,0.318734,0.901803,0.003275,105.540000,450.000000
30,Mainz,0.325279,0.942968,0.004003,108.040000,450.000000
30,Mainz,0.325293,0.944186,0.003431,108.040000,450.000000
30,Mainz,0.331453,0.994361,0.003608,110.530000,450.000000
30,Mainz,0.331457,0.993052,0.003708,110.530000,450.000000
30,Mainz,0.337572,1.050725,0.004022,113.060000,450.000000
30,Mainz,0.337586,1.049856,0.004022,113.060000,450.000000
30,Mainz,0.343296,1.120242,0.004262,115.560000,450.000000
30,Mainz,0.343294,1.123835,0.004375,115.560000,450.000000
30,Mainz,0.348571,1.189370,0.004283,117.940000,450.000000
30,Mainz,0.348570,1.191276,0.004283,117.940000,450.000000
30,Mainz,0.353927,1.274691,0.004710,120.490000,450.000000
30,Mainz,0.353925,1.283097,0.004710,120.490000,450.000000
30,Mainz,0.359153,1.372463,0.005069,123.080000,450.000000
30,Mainz,0.359149,1.377813,0.005069,123.080000,450.000000
30,Mainz,0.363583,1.483018,0.005439,125.410000,450.000000
30,Mainz,0.363581,1.483904,0.005439,125.410000,450.000000
30,Mainz,0.368375,1.604927,0.006077,128.020000,450.000000
30,Mainz,0.368376,1.607163,0.006077,128.020000,450.000000
30,Mainz,0.372734,1.769596,0.007853,130.550000,450.000000
30,Mainz,0.372723,1.754090,0.007679,130.550000,450.000000
30,Mainz,0.376647,1.917907,0.008580,132.950000,450.000000
30,Mainz,0.376656,1.917122,0.008580,132.950000,450.000000
# Type=1117
30,Mainz,0.058977,0.805115,0.006461,25.510000,585.000000
30,Mainz,0.058979,0.798976,0.005970,25.510000,585.000000
30,Mainz,0.059000,0.799574,0.005970,25.510000,585.000000
30,Mainz,0.058977,0.796773,0.005234,25.510000,585.000000
30,Mainz,0.059004,0.789586,0.005234,25.510000,585.000000
30,Mainz,0.059009,0.794398,0.004825,25.510000,585.000000
30,Mainz,0.058979,0.796359,0.005234,25.510000,585.000000
30,Mainz,0.059005,0.798988,0.005888,25.510000,585.000000
30,Mainz,0.058983,0.798393,0.005970,25.510000,585.000000
30,Mainz,0.059006,0.786555,0.005643,25.510000,585.000000
30,Mainz,0.058977,0.792602,0.005807,25.510000,585.000000
30,Mainz,0.058983,0.794467,0.005889,25.510000,585.000000
30,Mainz,0.070729,0.764100,0.004102,28.010000,585.000000
30,Mainz,0.070729,0.765520,0.004102,28.010000,585.000000
30,Mainz,0.070729,0.766940,0.004102,28.010000,585.000000
30,Mainz,0.070731,0.768513,0.004102,28.010000,585.000000
30,Mainz,0.070727,0.762764,0.004102,28.010000,585.000000
30,Mainz,0.070728,0.764419,0.004102,28.010000,585.000000
30,Mainz,0.070726,0.765055,0.004102,28.010000,585.000000
30,Mainz,0.070732,0.760464,0.004102,28.010000,585.000000
30,Mainz,0.070725,0.756695,0.004023,28.010000,585.000000
30,Mainz,0.070729,0.763154,0.004102,28.010000,585.000000
30,Mainz,0.083123,0.738962,0.003042,30.500000,585.000000
30,Mainz,0.083129,0.735754,0.003042,30.500000,585.000000
30,Mainz,0.083137,0.739309,0.002509,30.500000,585.000000
30,Mainz,0.096406,0.711399,0.002197,33.010000,585.000000
30,Mainz,0.096406,0.711253,0.001831,33.010000,585.000000
# Type=1118
30,Mainz,0.096385,0.708736,0.003296,33.010000,585.000000
30,Mainz,0.096405,0.709863,0.003369,33.010000,585.000000
30,Mainz,0.096403,0.716899,0.003369,33.010000,585.000000
30,Mainz,0.096402,0.708039,0.003369,33.010000,585.000000
30,Mainz,0.096400,0.712072,0.003369,33.010000,585.000000
30,Mainz,0.096404,0.714260,0.003369,33.010000,585.000000
30,Mainz,0.096405,0.715136,0.003369,33.010000,585.000000
30,Mainz,0.096399,0.713319,0.003369,33.010000,585.000000
30,Mainz,0.110004,0.688533,0.002612,35.510000,585.000000
30,Mainz,0.109997,0.684454,0.002612,35.510000,585.000000
30,Mainz,0.109999,0.681202,0.002612,35.510000,585.000000
30,Mainz,0.124134,0.661487,0.002110,38.000000,585.000000
30,Mainz,0.124138,0.659982,0.002042,38.000000,585.000000
30,Mainz,0.138677,0.638575,0.001774,40.510000,585.000000
30,Mainz,0.138681,0.636399,0.001708,40.510000,585.000000
30,Mainz,0.153507,0.614635,0.001461,42.990000,585.000000
30,Mainz,0.168762,0.595096,0.001291,45.510000,585.000000
30,Mainz,0.184048,0.574671,0.001252,48.010000,585.000000
30,Mainz,0.199229,0.561555,0.001276,50.490000,585.000000
30,Mainz,0.214841,0.544574,0.001187,53.010000,585.000000
30,Mainz,0.230113,0.532857,0.001216,55.500000,585.000000
30,Mainz,0.245623,0.522620,0.001246,58.000000,585.000000
30,Mainz,0.260796,0.515774,0.001225,60.510000,585.000000
30,Mainz,0.275886,0.508673,0.001261,63.000000,585.000000
30,Mainz,0.290508,0.503001,0.001248,65.490000,585.000000
30,Mainz,0.305441,0.500806,0.001290,68.010000,585.000000
30,Mainz,0.319488,0.500234,0.001337,70.500000,585.000000
30,Mainz,0.333796,0.502010,0.001438,73.010000,585.000000
30,Mainz,0.347294,0.501970,0.001442,75.500000,585.000000
30,Mainz,0.360902,0.508022,0.001502,78.000000,585.000000
30,Mainz,0.373781,0.513831,0.001569,80.510000,585.000000
30,Mainz,0.373795,0.513136,0.001098,80.510000,585.000000
30,Mainz,0.386560,0.523011,0.001165,82.990000,585.000000
30,Mainz,0.398678,0.530669,0.001184,85.490000,585.000000
30,Mainz,0.410848,0.544714,0.001262,88.010000,585.000000
30,Mainz,0.422207,0.560830,0.001292,90.500000,585.000000
30,Mainz,0.333795,0.501960,0.000770,73.010000,585.000000
# Type=1119
30,Mainz,0.025543,0.902851,0.006662,16.000000,585.000000
30,Mainz,0.027166,0.885104,0.007260,16.510000,585.000000
30,Mainz,0.027167,0.882560,0.007260,16.510000,585.000000
30,Mainz,0.028802,0.889528,0.007400,17.010000,585.000000
30,Mainz,0.028801,0.892239,0.007310,17.010000,585.000000
30,Mainz,0.030441,0.878005,0.007179,17.500000,585.000000
30,Mainz,0.030440,0.878996,0.007269,17.500000,585.000000
30,Mainz,0.032159,0.879488,0.007673,18.000000,585.000000
30,Mainz,0.032158,0.872978,0.007583,18.000000,585.000000
30,Mainz,0.032158,0.871907,0.007583,18.000000,585.000000
30,Mainz,0.033953,0.868218,0.007360,18.510000,585.000000
30,Mainz,0.033954,0.871141,0.007360,18.510000,585.000000
30,Mainz,0.033953,0.865735,0.007271,18.510000,585.000000
30,Mainz,0.033953,0.867065,0.006473,18.510000,585.000000
30,Mainz,0.033953,0.877174,0.006651,18.510000,585.000000
30,Mainz,0.033954,0.870343,0.006119,18.510000,585.000000
30,Mainz,0.033954,0.872648,0.006119,18.510000,585.000000
30,Mainz,0.033953,0.869725,0.005409,18.510000,585.000000
30,Mainz,0.035678,0.861156,0.005378,18.990000,585.000000
30,Mainz,0.035678,0.862214,0.005025,18.990000,585.000000
30,Mainz,0.037554,0.858471,0.005432,19.500000,585.000000
30,Mainz,0.039389,0.858543,0.006095,19.990000,585.000000
30,Mainz,0.039390,0.854448,0.006095,19.990000,585.000000
30,Mainz,0.039390,0.844173,0.005834,19.990000,585.000000
30,Mainz,0.039390,0.848266,0.006008,19.990000,585.000000
30,Mainz,0.039390,0.851313,0.006008,19.990000,585.000000
30,Mainz,0.039389,0.848094,0.004441,19.990000,585.000000
30,Mainz,0.039389,0.855757,0.004528,19.990000,585.000000
30,Mainz,0.039389,0.850881,0.004528,19.990000,585.000000
30,Mainz,0.039390,0.851574,0.004528,19.990000,585.000000
30,Mainz,0.041305,0.845660,0.004499,20.490000,585.000000
30,Mainz,0.041305,0.843757,0.004499,20.490000,585.000000
30,Mainz,0.043301,0.839162,0.004556,21.000000,585.000000
30,Mainz,0.043301,0.834005,0.004556,21.000000,585.000000
30,Mainz,0.043301,0.831598,0.004470,21.000000,585.000000
30,Mainz,0.043300,0.838220,0.004556,21.000000,585.000000
30,Mainz,0.043301,0.845007,0.003696,21.000000,585.000000
30,Mainz,0.043301,0.838647,0.003696,21.000000,585.000000
30,Mainz,0.043302,0.840964,0.003180,21.000000,585.000000
30,Mainz,0.043301,0.842514,0.002922,21.000000,585.000000
30,Mainz,0.043301,0.841741,0.002579,21.000000,585.000000
# Type=1120
30,Mainz,0.043303,0.833913,0.003524,21.000000,585.000000
30,Mainz,0.045293,0.830877,0.003501,21.500000,585.000000
30,Mainz,0.047322,0.831418,0.003563,22.000000,585.000000
30,Mainz,0.049388,0.813226,0.003539,22.500000,585.000000
30,Mainz,0.051532,0.814822,0.003515,23.010000,585.000000
30,Mainz,0.053670,0.812502,0.003491,23.510000,585.000000
30,Mainz,0.055744,0.806826,0.003468,23.990000,585.000000
30,Mainz,0.055745,0.804016,0.003468,23.990000,585.000000
30,Mainz,0.055744,0.805753,0.002807,23.990000,585.000000
30,Mainz,0.057996,0.798065,0.002787,24.500000,585.000000
30,Mainz,0.060186,0.790232,0.002768,24.990000,585.000000
30,Mainz,0.060185,0.795120,0.002280,24.990000,585.000000
30,Mainz,0.062501,0.787696,0.002263,25.500000,585.000000
30,Mainz,0.062501,0.794404,0.002021,25.500000,585.000000
30,Mainz,0.062501,0.788019,0.001940,25.500000,585.000000
30,Mainz,0.064804,0.783698,0.001685,26.000000,585.000000
30,Mainz,0.064802,0.784025,0.001525,26.000000,585.000000
30,Mainz,0.067186,0.774390,0.001514,26.510000,585.000000
30,Mainz,0.069497,0.770208,0.001503,27.000000,585.000000
30,Mainz,0.071840,0.763341,0.001414,27.490000,585.000000
30,Mainz,0.074309,0.756519,0.001559,28.000000,585.000000
30,Mainz,0.076761,0.748521,0.001548,28.500000,585.000000
30,Mainz,0.079290,0.745621,0.001536,29.010000,585.000000
30,Mainz,0.081796,0.741216,0.001525,29.510000,585.000000
30,Mainz,0.084222,0.734552,0.001514,29.990000,585.000000
30,Mainz,0.086833,0.726244,0.001503,30.500000,585.000000
30,Mainz,0.089414,0.722381,0.001567,31.000000,585.000000
30,Mainz,0.091963,0.716573,0.001629,31.490000,585.000000
30,Mainz,0.094648,0.709185,0.001617,32.000000,585.000000
30,Mainz,0.097391,0.707775,0.001678,32.510000,585.000000
30,Mainz,0.099993,0.701892,0.001738,32.990000,585.000000
30,Mainz,0.102709,0.695097,0.001437,33.490000,585.000000
30,Mainz,0.105428,0.691052,0.001498,33.990000,585.000000
30,Mainz,0.108218,0.685264,0.001558,34.510000,585.000000
30,Mainz,0.110965,0.679554,0.001617,35.000000,585.000000
30,Mainz,0.110966,0.681942,0.001617,35.000000,585.000000
30,Mainz,0.111009,0.678759,0.001546,35.000000,585.000000
30,Mainz,0.110965,0.680609,0.001617,35.000000,585.000000
30,Mainz,0.111010,0.677914,0.001546,35.000000,585.000000
30,Mainz,0.110966,0.681028,0.001617,35.000000,585.000000
30,Mainz,0.110966,0.675826,0.001547,35.000000,585.000000
30,Mainz,0.110966,0.680747,0.001617,35.000000,585.000000
30,Mainz,0.110919,0.679299,0.001547,35.000000,585.000000
30,Mainz,0.111010,0.677351,0.002952,35.000000,585.000000
30,Mainz,0.111009,0.680024,0.001546,35.000000,585.000000
30,Mainz,0.111009,0.681360,0.001546,35.000000,585.000000
30,Mainz,0.110965,0.680468,0.001336,35.000000,585.000000
# Type=1121
30,Mainz,0.091963,0.714129,0.001703,31.490000,585.000000
30,Mainz,0.110965,0.678218,0.001406,35.000000,585.000000
30,Mainz,0.113745,0.674800,0.000977,35.500000,585.000000
30,Mainz,0.119393,0.663453,0.000825,36.500000,585.000000
30,Mainz,0.125073,0.656520,0.000813,37.500000,585.000000
30,Mainz,0.130810,0.646022,0.000802,38.500000,585.000000
30,Mainz,0.136662,0.636247,0.000791,39.510000,585.000000
30,Mainz,0.142457,0.629056,0.000780,40.500000,585.000000
30,Mainz,0.148354,0.619444,0.003461,41.500000,585.000000
30,Mainz,0.148354,0.617585,0.000833,41.500000,585.000000
30,Mainz,0.151321,0.614331,0.001019,42.000000,585.000000
30,Mainz,0.154298,0.610692,0.001012,42.500000,585.000000
30,Mainz,0.157280,0.606871,0.000942,43.000000,585.000000
30,Mainz,0.160274,0.602738,0.000936,43.500000,585.000000
30,Mainz,0.163333,0.599535,0.000930,44.010000,585.000000
30,Mainz,0.166346,0.594613,0.000986,44.510000,585.000000
30,Mainz,0.169304,0.588627,0.000980,45.000000,585.000000
30,Mainz,0.172331,0.588260,0.000974,45.500000,585.000000
30,Mainz,0.175415,0.584361,0.001028,46.010000,585.000000
30,Mainz,0.178456,0.580529,0.000962,46.510000,585.000000
30,Mainz,0.181497,0.574270,0.000956,47.010000,585.000000
# Type=1122
30,Mainz,0.334011,0.503062,0.002053,73.010000,585.000000
30,Mainz,0.334037,0.503085,0.001078,73.010000,585.000000
30,Mainz,0.361000,0.510056,0.001139,77.980000,585.000000
30,Mainz,0.386973,0.521506,0.001217,83.020000,585.000000
30,Mainz,0.433773,0.577037,0.001498,93.000000,585.000000
30,Mainz,0.454929,0.619427,0.001718,98.010000,585.000000
30,Mainz,0.474529,0.672163,0.001920,103.000000,585.000000
30,Mainz,0.492722,0.742853,0.009580,108.040000,585.000000
30,Mainz,0.492691,0.740932,0.002105,108.040000,585.000000
30,Mainz,0.500929,0.783360,0.002825,110.510000,585.000000
30,Mainz,0.508866,0.826131,0.003058,112.920000,585.000000
30,Mainz,0.516976,0.886724,0.003082,115.560000,585.000000
30,Mainz,0.524063,0.938625,0.003363,117.940000,585.000000
30,Mainz,0.531168,1.011417,0.003699,120.490000,585.000000
30,Mainz,0.538158,1.085444,0.003985,123.080000,585.000000
30,Mainz,0.544191,1.175655,0.004401,125.470000,585.000000
30,Mainz,0.550385,1.285275,0.004905,128.020000,585.000000
30,Mainz,0.556122,1.411987,0.005626,130.550000,585.000000
30,Mainz,0.561312,1.540085,0.006005,132.950000,585.000000
30,Mainz,0.566478,1.702872,0.006817,135.530000,585.000000
# Type=1123
30,Mainz,0.183535,0.550792,0.002057,38.000000,720.000000
30,Mainz,0.183527,0.547262,0.001943,38.000000,720.000000
30,Mainz,0.183534,0.546451,0.001943,38.000000,720.000000
30,Mainz,0.204463,0.518608,0.001631,40.500000,720.000000
30,Mainz,0.204456,0.518509,0.001468,40.500000,720.000000
30,Mainz,0.204443,0.521193,0.001631,40.500000,720.000000
30,Mainz,0.225760,0.499851,0.003475,43.000000,720.000000
30,Mainz,0.225763,0.497202,0.001400,43.000000,720.000000
30,Mainz,0.225763,0.496580,0.003060,43.000000,720.000000
30,Mainz,0.225765,0.498704,0.001867,43.000000,720.000000
30,Mainz,0.225760,0.496999,0.001400,43.000000,720.000000
30,Mainz,0.247044,0.477693,0.001390,45.510000,720.000000
30,Mainz,0.268566,0.460307,0.001238,48.000000,720.000000
30,Mainz,0.290050,0.444501,0.001237,50.500000,720.000000
30,Mainz,0.312024,0.429472,0.001193,53.010000,720.000000
30,Mainz,0.333157,0.418038,0.001200,55.500000,720.000000
30,Mainz,0.354269,0.406414,0.001208,58.000000,720.000000
30,Mainz,0.374909,0.396387,0.001221,60.500000,720.000000
30,Mainz,0.395409,0.393432,0.001077,63.000000,720.000000
30,Mainz,0.415422,0.387976,0.002239,65.510000,720.000000
30,Mainz,0.415428,0.387774,0.001100,65.510000,720.000000
30,Mainz,0.435104,0.387077,0.001125,68.010000,720.000000
30,Mainz,0.454010,0.383845,0.001155,70.490000,720.000000
30,Mainz,0.472904,0.384591,0.001226,73.010000,720.000000
30,Mainz,0.490801,0.387612,0.002721,75.500000,720.000000
30,Mainz,0.490818,0.385491,0.001456,75.500000,720.000000
30,Mainz,0.508461,0.388608,0.001115,78.000000,720.000000
30,Mainz,0.525358,0.392454,0.001162,80.500000,720.000000
30,Mainz,0.541891,0.399557,0.001253,83.000000,720.000000
30,Mainz,0.573169,0.417017,0.001579,88.010000,720.000000
30,Mainz,0.557785,0.406113,0.001511,85.510000,720.000000
30,Mainz,0.587844,0.425762,0.001408,90.500000,720.000000
30,Mainz,0.602181,0.441407,0.001529,93.010000,720.000000
30,Mainz,0.615728,0.452670,0.001662,95.500000,720.000000
30,Mainz,0.628831,0.473070,0.002170,97.990000,720.000000
30,Mainz,0.628839,0.473425,0.002170,97.990000,720.000000
30,Mainz,0.641440,0.489031,0.002626,100.500000,720.000000
30,Mainz,0.641439,0.489360,0.002298,100.500000,720.000000
30,Mainz,0.653555,0.514637,0.002538,103.000000,720.000000
30,Mainz,0.653554,0.515810,0.002538,103.000000,720.000000
30,Mainz,0.665077,0.538257,0.003367,105.510000,720.000000
30,Mainz,0.665077,0.536166,0.002398,105.510000,720.000000
30,Mainz,0.665075,0.538055,0.002398,105.510000,720.000000
30,Mainz,0.676109,0.565393,0.002621,108.000000,720.000000
30,Mainz,0.676105,0.563739,0.002621,108.000000,720.000000
30,Mainz,0.472914,0.384660,0.001111,73.010000,720.000000
30,Mainz,0.071131,0.759493,0.003287,22.000000,720.000000
# Type=1124
30,Mainz,0.074195,0.750486,0.003100,22.500000,720.000000
30,Mainz,0.077313,0.739891,0.003069,23.000000,720.000000
30,Mainz,0.077316,0.739653,0.002686,23.000000,720.000000
30,Mainz,0.080545,0.736208,0.002431,23.510000,720.000000
30,Mainz,0.083699,0.726210,0.002633,24.000000,720.000000
30,Mainz,0.083701,0.730868,0.005792,24.000000,720.000000
30,Mainz,0.083699,0.726736,0.002407,24.000000,720.000000
30,Mainz,0.086960,0.722924,0.003127,24.500000,720.000000
30,Mainz,0.090337,0.714121,0.002358,25.010000,720.000000
30,Mainz,0.090333,0.715015,0.002358,25.010000,720.000000
30,Mainz,0.093616,0.704304,0.002189,25.500000,720.000000
30,Mainz,0.097015,0.701700,0.002166,26.000000,720.000000
30,Mainz,0.100517,0.692700,0.002143,26.510000,720.000000
30,Mainz,0.103931,0.686168,0.002122,27.000000,720.000000
30,Mainz,0.107449,0.673662,0.002170,27.500000,720.000000
30,Mainz,0.111012,0.666227,0.002147,28.000000,720.000000
30,Mainz,0.114607,0.663119,0.001919,28.500000,720.000000
30,Mainz,0.118239,0.653343,0.003730,29.000000,720.000000
30,Mainz,0.118240,0.656054,0.001899,29.000000,720.000000
30,Mainz,0.121933,0.651033,0.001946,29.510000,720.000000
30,Mainz,0.125540,0.641326,0.001926,29.990000,720.000000
30,Mainz,0.129354,0.635061,0.001971,30.500000,720.000000
30,Mainz,0.133128,0.630873,0.003902,31.000000,720.000000
30,Mainz,0.133125,0.626652,0.002211,31.000000,720.000000
30,Mainz,0.136942,0.622332,0.001737,31.510000,720.000000
30,Mainz,0.140779,0.614672,0.001719,32.010000,720.000000
30,Mainz,0.144645,0.609509,0.001764,32.510000,720.000000
30,Mainz,0.152375,0.595170,0.002098,33.500000,720.000000
30,Mainz,0.148537,0.601850,0.002058,33.010000,720.000000
30,Mainz,0.156400,0.590407,0.001954,34.010000,720.000000
30,Mainz,0.156397,0.588825,0.002015,34.010000,720.000000
30,Mainz,0.156397,0.588275,0.002015,34.010000,720.000000
30,Mainz,0.156397,0.589618,0.002442,34.010000,720.000000
30,Mainz,0.156397,0.591695,0.002442,34.010000,720.000000
30,Mainz,0.156397,0.590412,0.002687,34.010000,720.000000
30,Mainz,0.156397,0.591267,0.002442,34.010000,720.000000
30,Mainz,0.156394,0.590234,0.002443,34.010000,720.000000
30,Mainz,0.156398,0.589800,0.002442,34.010000,720.000000
30,Mainz,0.156400,0.590407,0.002809,34.010000,720.000000
30,Mainz,0.156396,0.592124,0.002198,34.010000,720.000000
30,Mainz,0.156396,0.589803,0.002198,34.010000,720.000000
30,Mainz,0.156396,0.590842,0.002259,34.010000,720.000000
30,Mainz,0.156396,0.589498,0.002198,34.010000,720.000000
30,Mainz,0.156402,0.587717,0.002198,34.010000,720.000000
30,Mainz,0.156402,0.587900,0.002198,34.010000,720.000000
30,Mainz,0.156396,0.592124,0.002259,34.010000,720.000000
# Type=1125
30,Mainz,0.129354,0.632827,0.002103,30.500000,720.000000
30,Mainz,0.156396,0.589865,0.002381,34.010000,720.000000
30,Mainz,0.156397,0.590229,0.002137,34.010000,720.000000
30,Mainz,0.160368,0.584560,0.001873,34.510000,720.000000
30,Mainz,0.164283,0.578191,0.001795,35.000000,720.000000
30,Mainz,0.168290,0.569390,0.001776,35.500000,720.000000
30,Mainz,0.172324,0.561197,0.001465,36.000000,720.000000
30,Mainz,0.176391,0.560202,0.001450,36.500000,720.000000
30,Mainz,0.180473,0.555649,0.001436,37.000000,720.000000
30,Mainz,0.184570,0.551572,0.001763,37.500000,720.000000
30,Mainz,0.188765,0.544694,0.001801,38.010000,720.000000
30,Mainz,0.192818,0.539983,0.001784,38.500000,720.000000
30,Mainz,0.196987,0.531521,0.001766,39.000000,720.000000
30,Mainz,0.201067,0.524167,0.001749,39.490000,720.000000
30,Mainz,0.205298,0.520580,0.001462,40.000000,720.000000
30,Mainz,0.205332,0.511979,0.004763,40.000000,720.000000
30,Mainz,0.205303,0.519436,0.002328,40.000000,720.000000
30,Mainz,0.205333,0.518743,0.003572,40.000000,720.000000
30,Mainz,0.205333,0.520854,0.002544,40.000000,720.000000
30,Mainz,0.209520,0.514014,0.001823,40.500000,720.000000
30,Mainz,0.209521,0.515406,0.003109,40.500000,720.000000
30,Mainz,0.209521,0.517229,0.002627,40.500000,720.000000
30,Mainz,0.209521,0.514173,0.003538,40.500000,720.000000
30,Mainz,0.217940,0.507070,0.001789,41.500000,720.000000
30,Mainz,0.217937,0.496763,0.005155,41.500000,720.000000
30,Mainz,0.217940,0.507017,0.002630,41.500000,720.000000
30,Mainz,0.217940,0.503914,0.002525,41.500000,720.000000
30,Mainz,0.226358,0.493125,0.001601,42.500000,720.000000
30,Mainz,0.226388,0.494788,0.001653,42.500000,720.000000
30,Mainz,0.226391,0.492047,0.006765,42.500000,720.000000
30,Mainz,0.226398,0.489766,0.005009,42.500000,720.000000
30,Mainz,0.226390,0.493030,0.002066,42.500000,720.000000
30,Mainz,0.234889,0.486865,0.001623,43.500000,720.000000
30,Mainz,0.234888,0.489301,0.002637,43.500000,720.000000
30,Mainz,0.234889,0.484938,0.002079,43.500000,720.000000
30,Mainz,0.243494,0.476063,0.001544,44.510000,720.000000
# Type=1126
30,Mainz,0.201109,0.524597,0.001421,39.490000,720.000000
30,Mainz,0.201113,0.525301,0.001312,39.490000,720.000000
30,Mainz,0.205242,0.519309,0.001408,40.000000,720.000000
30,Mainz,0.205237,0.519208,0.002490,40.000000,720.000000
30,Mainz,0.209429,0.516719,0.001394,40.500000,720.000000
30,Mainz,0.213721,0.512528,0.001328,41.010000,720.000000
30,Mainz,0.213727,0.511139,0.001328,41.010000,720.000000
30,Mainz,0.217844,0.505206,0.001368,41.500000,720.000000
30,Mainz,0.217836,0.505901,0.001368,41.500000,720.000000
30,Mainz,0.222191,0.501398,0.001355,42.000000,720.000000
30,Mainz,0.222193,0.501239,0.001772,42.000000,720.000000
30,Mainz,0.222191,0.498219,0.001928,42.000000,720.000000
30,Mainz,0.226427,0.499073,0.001601,42.500000,720.000000
30,Mainz,0.226422,0.497376,0.001394,42.500000,720.000000
30,Mainz,0.230669,0.493374,0.001637,43.000000,720.000000
30,Mainz,0.230670,0.494550,0.002149,43.000000,720.000000
30,Mainz,0.230666,0.493736,0.001382,43.000000,720.000000
30,Mainz,0.234784,0.487664,0.001370,43.500000,720.000000
30,Mainz,0.234787,0.485631,0.001370,43.500000,720.000000
30,Mainz,0.239006,0.482436,0.001358,43.980000,720.000000
30,Mainz,0.239009,0.482281,0.001760,43.980000,720.000000
30,Mainz,0.239010,0.484140,0.001709,43.980000,720.000000
30,Mainz,0.243344,0.477250,0.001246,44.490000,720.000000
30,Mainz,0.243348,0.477145,0.001246,44.490000,720.000000
30,Mainz,0.247693,0.475525,0.001235,45.000000,720.000000
30,Mainz,0.251967,0.470055,0.001273,45.500000,720.000000
30,Mainz,0.251964,0.471773,0.001273,45.500000,720.000000
# Type=1127
30,Mainz,0.472874,0.385036,0.000920,73.010000,720.000000
30,Mainz,0.472876,0.384958,0.000843,73.010000,720.000000
30,Mainz,0.490760,0.385938,0.000843,75.490000,720.000000
30,Mainz,0.508292,0.388191,0.000884,77.980000,720.000000
30,Mainz,0.525321,0.391293,0.000891,80.490000,720.000000
30,Mainz,0.542028,0.401826,0.000940,83.020000,720.000000
30,Mainz,0.557861,0.406254,0.000795,85.510000,720.000000
30,Mainz,0.573211,0.415081,0.000850,88.010000,720.000000
30,Mainz,0.587905,0.423438,0.005837,90.500000,720.000000
30,Mainz,0.587898,0.427583,0.000911,90.500000,720.000000
30,Mainz,0.602155,0.442397,0.009302,93.000000,720.000000
30,Mainz,0.602159,0.440228,0.001189,93.000000,720.000000
30,Mainz,0.615663,0.452699,0.001268,95.480000,720.000000
30,Mainz,0.628986,0.474651,0.001402,98.010000,720.000000
30,Mainz,0.641508,0.487052,0.001454,100.500000,720.000000
30,Mainz,0.653562,0.511312,0.001611,103.000000,720.000000
30,Mainz,0.665249,0.535356,0.001429,105.540000,720.000000
30,Mainz,0.665238,0.538632,0.004798,105.540000,720.000000
30,Mainz,0.665258,0.537389,0.002297,105.540000,720.000000
30,Mainz,0.665248,0.537092,0.003573,105.540000,720.000000
30,Mainz,0.665248,0.539440,0.002501,105.540000,720.000000
30,Mainz,0.676303,0.565928,0.001927,108.040000,720.000000
30,Mainz,0.676298,0.565237,0.003319,108.040000,720.000000
30,Mainz,0.676297,0.567593,0.002783,108.040000,720.000000
30,Mainz,0.676302,0.568766,0.003854,108.040000,720.000000
30,Mainz,0.696913,0.633849,0.002324,113.060000,720.000000
30,Mainz,0.696937,0.633110,0.006911,113.060000,720.000000
30,Mainz,0.696910,0.639155,0.003456,113.060000,720.000000
30,Mainz,0.696912,0.639391,0.003337,113.060000,720.000000
30,Mainz,0.715149,0.716527,0.002485,117.940000,720.000000
30,Mainz,0.715149,0.721631,0.002619,117.940000,720.000000
30,Mainz,0.715147,0.730163,0.008194,117.940000,720.000000
30,Mainz,0.715146,0.710956,0.003224,117.940000,720.000000
30,Mainz,0.732478,0.838456,0.003180,123.080000,720.000000
30,Mainz,0.732479,0.836826,0.005042,123.080000,720.000000
30,Mainz,0.732478,0.838999,0.003956,123.080000,720.000000
30,Mainz,0.747376,0.982126,0.003632,128.020000,720.000000
# Type=1128
30,Mainz,0.653623,0.510821,0.001220,103.000000,720.000000
30,Mainz,0.653605,0.512203,0.001123,103.000000,720.000000
30,Mainz,0.665194,0.536783,0.001327,105.540000,720.000000
30,Mainz,0.665181,0.537407,0.002348,105.540000,720.000000
30,Mainz,0.676367,0.566458,0.001445,108.040000,720.000000
30,Mainz,0.676359,0.567750,0.001445,108.040000,720.000000
30,Mainz,0.686691,0.598733,0.001465,110.530000,720.000000
30,Mainz,0.686696,0.596079,0.001465,110.530000,720.000000
30,Mainz,0.696973,0.631941,0.001609,113.060000,720.000000
30,Mainz,0.696971,0.632897,0.001609,113.060000,720.000000
30,Mainz,0.706412,0.677726,0.001707,115.560000,720.000000
30,Mainz,0.706402,0.675081,0.002276,115.560000,720.000000
30,Mainz,0.706395,0.675404,0.002466,115.560000,720.000000
30,Mainz,0.715171,0.719659,0.002216,117.940000,720.000000
30,Mainz,0.715172,0.718516,0.001880,117.940000,720.000000
30,Mainz,0.723872,0.778884,0.002519,120.490000,720.000000
30,Mainz,0.723864,0.771912,0.003239,120.490000,720.000000
30,Mainz,0.723854,0.779410,0.002087,120.490000,720.000000
30,Mainz,0.732465,0.839171,0.002327,123.080000,720.000000
30,Mainz,0.732449,0.836476,0.002327,123.080000,720.000000
30,Mainz,0.740162,0.908185,0.002599,125.590000,720.000000
30,Mainz,0.740162,0.914054,0.003353,125.590000,720.000000
30,Mainz,0.740152,0.909373,0.003270,125.590000,720.000000
30,Mainz,0.747367,0.984954,0.002543,128.020000,720.000000
30,Mainz,0.747354,0.984792,0.002543,128.020000,720.000000
30,Mainz,0.754572,1.092386,0.002889,130.650000,720.000000
30,Mainz,0.760295,1.182836,0.003244,132.840000,720.000000
30,Mainz,0.760304,1.173845,0.003136,132.840000,720.000000
# Type=1129
30,Mainz,0.306851,0.400008,0.001878,43.000000,855.000000
30,Mainz,0.306859,0.405509,0.001878,43.000000,855.000000
30,Mainz,0.306902,0.405505,0.001836,43.000000,855.000000
30,Mainz,0.306904,0.406463,0.001920,43.000000,855.000000
30,Mainz,0.306888,0.401889,0.001878,43.000000,855.000000
30,Mainz,0.335383,0.380777,0.001813,45.510000,855.000000
30,Mainz,0.335385,0.379080,0.001774,45.510000,855.000000
30,Mainz,0.335386,0.381089,0.001774,45.510000,855.000000
30,Mainz,0.335370,0.382011,0.001813,45.510000,855.000000
30,Mainz,0.335381,0.380227,0.001774,45.510000,855.000000
30,Mainz,0.363893,0.361515,0.001720,48.000000,855.000000
30,Mainz,0.363887,0.364361,0.001720,48.000000,855.000000
30,Mainz,0.363849,0.365330,0.001757,48.000000,855.000000
30,Mainz,0.363852,0.364953,0.001757,48.000000,855.000000
30,Mainz,0.363838,0.363695,0.001720,48.000000,855.000000
30,Mainz,0.391673,0.348135,0.001676,50.500000,855.000000
30,Mainz,0.391679,0.347346,0.001640,50.500000,855.000000
30,Mainz,0.391627,0.347068,0.001640,50.500000,855.000000
30,Mainz,0.391630,0.349170,0.001676,50.500000,855.000000
30,Mainz,0.391630,0.349597,0.001640,50.500000,855.000000
30,Mainz,0.420080,0.335627,0.001568,53.010000,855.000000
30,Mainz,0.420083,0.335284,0.002556,53.010000,855.000000
30,Mainz,0.420103,0.332746,0.001602,53.010000,855.000000
30,Mainz,0.420099,0.335919,0.001602,53.010000,855.000000
30,Mainz,0.420102,0.337757,0.001602,53.010000,855.000000
30,Mainz,0.447090,0.324513,0.001575,55.500000,855.000000
30,Mainz,0.447116,0.325740,0.001575,55.500000,855.000000
30,Mainz,0.447114,0.323609,0.001575,55.500000,855.000000
30,Mainz,0.447120,0.323769,0.001575,55.500000,855.000000
30,Mainz,0.447111,0.325317,0.001608,55.500000,855.000000
30,Mainz,0.474824,0.314103,0.000760,58.000000,855.000000
30,Mainz,0.501140,0.307233,0.000676,60.500000,855.000000
30,Mainz,0.527449,0.299768,0.000689,63.000000,855.000000
# Type=1130
30,Mainz,0.552353,0.296574,0.000675,65.490000,855.000000
30,Mainz,0.577487,0.294994,0.000693,68.000000,855.000000
30,Mainz,0.601103,0.289900,0.000686,70.500000,855.000000
30,Mainz,0.624893,0.290423,0.000737,73.010000,855.000000
30,Mainz,0.646801,0.291148,0.000990,75.500000,855.000000
30,Mainz,0.668975,0.292455,0.000793,78.000000,855.000000
30,Mainz,0.689459,0.292102,0.001881,80.500000,855.000000
30,Mainz,0.710104,0.300545,0.000690,83.010000,855.000000
30,Mainz,0.728977,0.306972,0.000730,85.490000,855.000000
30,Mainz,0.748179,0.314020,0.000950,88.010000,855.000000
30,Mainz,0.765639,0.319965,0.000850,90.500000,855.000000
30,Mainz,0.729510,0.305990,0.000788,85.510000,855.000000
# Type=1131
30,Mainz,0.086749,0.703712,0.004969,20.500000,855.000000
30,Mainz,0.090776,0.705789,0.004979,21.000000,855.000000
30,Mainz,0.094880,0.696025,0.004842,21.500000,855.000000
30,Mainz,0.099046,0.689606,0.004993,22.000000,855.000000
30,Mainz,0.103281,0.672384,0.004857,22.500000,855.000000
30,Mainz,0.103281,0.670273,0.004857,22.500000,855.000000
30,Mainz,0.107588,0.660692,0.004793,23.000000,855.000000
30,Mainz,0.112043,0.656909,0.004727,23.510000,855.000000
30,Mainz,0.116275,0.645099,0.004667,23.990000,855.000000
30,Mainz,0.120869,0.632916,0.004536,24.500000,855.000000
30,Mainz,0.120863,0.633862,0.004602,24.500000,855.000000
30,Mainz,0.125517,0.628940,0.004538,25.010000,855.000000
30,Mainz,0.130019,0.622053,0.004543,25.500000,855.000000
30,Mainz,0.134777,0.616373,0.004543,26.010000,855.000000
30,Mainz,0.139501,0.605878,0.004418,26.510000,855.000000
30,Mainz,0.139498,0.603422,0.004418,26.510000,855.000000
30,Mainz,0.144052,0.592625,0.004235,26.990000,855.000000
30,Mainz,0.148979,0.585126,0.004237,27.500000,855.000000
30,Mainz,0.153845,0.581772,0.004239,28.000000,855.000000
30,Mainz,0.158758,0.573197,0.004180,28.500000,855.000000
30,Mainz,0.158759,0.571941,0.004121,28.500000,855.000000
30,Mainz,0.163716,0.563157,0.006596,29.000000,855.000000
30,Mainz,0.168723,0.557344,0.004124,29.500000,855.000000
30,Mainz,0.173879,0.553318,0.004123,30.010000,855.000000
30,Mainz,0.178864,0.544542,0.004011,30.500000,855.000000
30,Mainz,0.178861,0.544660,0.004067,30.500000,855.000000
30,Mainz,0.183980,0.540517,0.004011,31.000000,855.000000
30,Mainz,0.189255,0.528486,0.003955,31.510000,855.000000
30,Mainz,0.194348,0.521398,0.003956,32.000000,855.000000
30,Mainz,0.199733,0.511917,0.003900,32.500000,855.000000
30,Mainz,0.199740,0.512494,0.001656,32.500000,855.000000
30,Mainz,0.205114,0.507284,0.001686,33.010000,855.000000
30,Mainz,0.210304,0.497803,0.001612,33.500000,855.000000
30,Mainz,0.215632,0.492019,0.001641,34.000000,855.000000
30,Mainz,0.220998,0.489155,0.001619,34.500000,855.000000
30,Mainz,0.226369,0.479557,0.001598,35.000000,855.000000
30,Mainz,0.231783,0.474329,0.001576,35.500000,855.000000
30,Mainz,0.237216,0.465070,0.002091,36.000000,855.000000
30,Mainz,0.242666,0.459861,0.001583,36.500000,855.000000
30,Mainz,0.248141,0.449537,0.004357,37.000000,855.000000
30,Mainz,0.253640,0.450943,0.001309,37.500000,855.000000
30,Mainz,0.259154,0.445944,0.001292,38.010000,855.000000
30,Mainz,0.264689,0.440702,0.001595,38.510000,855.000000
30,Mainz,0.270221,0.433907,0.001440,39.000000,855.000000
30,Mainz,0.275795,0.429319,0.001555,39.510000,855.000000
30,Mainz,0.281439,0.422484,0.001536,40.000000,855.000000
30,Mainz,0.303812,0.404328,0.001589,42.000000,855.000000
30,Mainz,0.309426,0.402435,0.001571,42.500000,855.000000
30,Mainz,0.309426,0.399790,0.001571,42.500000,855.000000
30,Mainz,0.315044,0.395851,0.001593,43.000000,855.000000
30,Mainz,0.315047,0.396624,0.001593,43.000000,855.000000
30,Mainz,0.320659,0.394640,0.001616,43.500000,855.000000
30,Mainz,0.320658,0.392864,0.001616,43.500000,855.000000
30,Mainz,0.326280,0.385673,0.001398,44.000000,855.000000
# Type=1132
30,Mainz,0.326280,0.384475,0.001478,44.000000,855.000000
30,Mainz,0.332017,0.383978,0.001659,44.510000,855.000000
30,Mainz,0.337536,0.378002,0.001446,45.000000,855.000000
30,Mainz,0.343160,0.375494,0.001430,45.500000,855.000000
30,Mainz,0.348887,0.371264,0.001453,46.010000,855.000000
30,Mainz,0.354414,0.369391,0.001400,46.500000,855.000000
30,Mainz,0.360011,0.362966,0.001386,47.000000,855.000000
30,Mainz,0.365744,0.362490,0.001409,47.510000,855.000000
30,Mainz,0.371228,0.356776,0.001689,48.000000,855.000000
30,Mainz,0.371229,0.357142,0.001689,48.000000,855.000000
30,Mainz,0.376825,0.353230,0.001636,48.500000,855.000000
30,Mainz,0.376822,0.353960,0.001600,48.500000,855.000000
30,Mainz,0.382527,0.349749,0.001656,49.010000,855.000000
30,Mainz,0.382528,0.352196,0.001728,49.010000,855.000000
30,Mainz,0.387993,0.345783,0.002568,49.500000,855.000000
30,Mainz,0.387994,0.347673,0.001534,49.500000,855.000000
30,Mainz,0.393568,0.344713,0.001732,50.000000,855.000000
30,Mainz,0.393570,0.346266,0.001732,50.000000,855.000000
30,Mainz,0.399138,0.345371,0.001751,50.500000,855.000000
30,Mainz,0.399136,0.342466,0.003467,50.500000,855.000000
30,Mainz,0.404683,0.340438,0.001736,51.000000,855.000000
30,Mainz,0.404678,0.340650,0.001770,51.000000,855.000000
30,Mainz,0.410227,0.340124,0.002271,51.500000,855.000000
30,Mainz,0.415749,0.335288,0.001774,52.000000,855.000000
30,Mainz,0.415753,0.334909,0.002115,52.000000,855.000000
30,Mainz,0.421156,0.333695,0.001793,52.490000,855.000000
30,Mainz,0.421156,0.330582,0.001793,52.490000,855.000000
30,Mainz,0.426868,0.329395,0.001812,53.010000,855.000000
30,Mainz,0.426862,0.324568,0.004194,53.010000,855.000000
30,Mainz,0.432252,0.324816,0.008155,53.500000,855.000000
30,Mainz,0.432250,0.327614,0.001831,53.500000,855.000000
30,Mainz,0.432248,0.328681,0.001831,53.500000,855.000000
30,Mainz,0.432249,0.327781,0.001831,53.500000,855.000000
30,Mainz,0.437820,0.323564,0.002609,54.010000,855.000000
30,Mainz,0.437820,0.323332,0.002774,54.010000,855.000000
# Type=1133
30,Mainz,0.730035,0.305244,0.000816,85.510000,855.000000
30,Mainz,0.748648,0.313709,0.001009,88.010000,855.000000
30,Mainz,0.766140,0.321061,0.000910,90.500000,855.000000
30,Mainz,0.783591,0.331726,0.000996,93.000000,855.000000
30,Mainz,0.799587,0.343363,0.001058,95.490000,855.000000
30,Mainz,0.815697,0.357260,0.001126,98.010000,855.000000
30,Mainz,0.830341,0.373256,0.001203,100.500000,855.000000
30,Mainz,0.844935,0.387280,0.001324,103.000000,855.000000
30,Mainz,0.858576,0.406799,0.001722,105.540000,855.000000
30,Mainz,0.858572,0.412269,0.001760,105.540000,855.000000
30,Mainz,0.871801,0.431195,0.001964,108.040000,855.000000
30,Mainz,0.871784,0.434781,0.001807,108.040000,855.000000
30,Mainz,0.883822,0.458279,0.002027,110.510000,855.000000
30,Mainz,0.883818,0.460308,0.002068,110.510000,855.000000
30,Mainz,0.896041,0.485198,0.003196,113.060000,855.000000
30,Mainz,0.907041,0.519988,0.002232,115.560000,855.000000
30,Mainz,0.907029,0.515347,0.002232,115.560000,855.000000
30,Mainz,0.917352,0.552961,0.002422,117.950000,855.000000
30,Mainz,0.927436,0.591814,0.002649,120.490000,855.000000
30,Mainz,0.927475,0.592999,0.002702,120.490000,855.000000
30,Mainz,0.937444,0.648670,0.003828,123.080000,855.000000
30,Mainz,0.945952,0.700550,0.003325,125.470000,855.000000
30,Mainz,0.945946,0.690213,0.003817,125.470000,855.000000
30,Mainz,0.954732,0.761378,0.003617,128.020000,855.000000
30,Mainz,0.954718,0.756570,0.003617,128.020000,855.000000
30,Mainz,0.962743,0.834619,0.004030,130.550000,855.000000
30,Mainz,0.970050,0.910614,0.004491,132.950000,855.000000
30,Mainz,0.970049,0.916390,0.004491,132.950000,855.000000
30,Mainz,0.970050,0.914704,0.004491,132.950000,855.000000
30,Mainz,0.977245,1.023678,0.007205,135.520000,855.000000
30,Mainz,0.977231,1.026811,0.007828,135.520000,855.000000
# EOF